9.952869073348012
8.660054148471051
9.969120886769307
10.15537647328504
10.05937614302989
9.875616431624733
9.655400331517113
10.289773376553898
10.002913666761165
9.507254432669844
8.883115207846489
11.130846125285807
9.90006131192974
9.942999928876935
10.200912163944105
11.420859746924734
9.990760247649796
8.642481718949444
9.820572580849923
8.293743180538579
10.68753295965917
10.545033597164798
8.125971676493638
10.1120270621073
12.119138388556042
11.824696636953654
9.341432339720244
10.302704111812474
8.91736006469791
10.4931360375253
10.63252394210941
10.381173953781467
9.939951572706237
9.56842834026818
8.67230319879177
8.319388689997918
8.538478768310968
9.719344200289358
10.661782387035121
10.767749771795305
10.439242079013434
9.9978100320031
10.050157914169123
9.87615186769169
9.478649571700247
9.933441829215294
11.377415025172226
9.9739013767187
10.660021362163818
10.25831339260224
10.501691050857918
9.175435979204586
10.393667166654025
12.027691629734516
9.524544047764149
8.789779079522955
12.707012755142124
6.562238442142502
9.987791355724974
8.280709066306072
9.509919407047038
9.474098074939706
10.002371666972852
10.299371156383053
10.530695194102295
11.245077906380695
10.262166016706368
8.71499669316114
8.636770817830607
10.607290042515563
10.665124428013673
11.166384290652706
10.610189541085289
10.997543688306171
10.346672184480154
9.441742424667282
10.66325182329955
9.82287961075521
10.690418657978949
10.327876391945187
10.519763659673288
11.086253340505769
13.726941632201907
9.075143648862438
11.550041855166183
11.262348649942552
10.180676387578632
11.893772754034119
9.799126562872786
11.041690910888933
10.849721949840196
9.557167513302216
10.80604175584779
10.608436395955556
11.487852101754472
8.401276367279126
9.542303743640547
8.743395774107464
9.197241590460552
10.48400161070584
9.337243532336911
10.16066942476051
12.265342648344278
10.23516142668613
10.572426215565393
8.910323059707592
10.40935031547119
10.56249135274963
10.179311538943505
9.325641901688753
9.094526650344974
12.335225165210389
10.35815621445648
8.552196339971193
9.603854690410458
10.229383316835698
10.839939387825876
8.713434388091017
8.85722091883364
10.866388247099946
10.063839898528771
9.795024899310821
9.476919806546148
9.122024214608746
9.323149182052632
10.709787460488005
9.90360119482617
8.43561997018449
10.952708889499405
9.636424638935
11.18504457057336
9.707938421026034
10.02456079152517
6.985841430136575
9.728659215980521
9.68062630646266
9.168366881618088
10.085578456515075
9.311863488100455
9.517459029131782
10.129791091475717
11.306001917351523
10.5556070490146
9.752467120057798
11.320626570378884
9.360252516932643
10.543305087216256
10.165743335220567
9.784435654245828
9.340445527404846
10.784524502954168
10.506363153892275
9.361567755645709
10.501668523245108
9.812843183704206
9.821132271820973
10.131263467479712
9.06171236337721
9.287399184883345
10.157146666221681
10.843545884939289
7.8755580198660144
10.478096961195607
9.975505302553033
10.463634601309733
11.09999042351009
7.8654673051164545
9.677163513748468
10.241664936235281
9.803439249843294
9.030763465526393
9.753898645122014
10.047210979875507
11.14235355096807
10.838924798356418
9.091075550482579
11.565902973873898
11.290312105462492
10.038148798681624
9.683443921460873
11.045381207090216
10.1245852225345
8.69305203060857
8.951028822292578
9.761285722012438
9.731726892629506
8.19964007544195
9.318933691018902
10.601810113267513
9.815772999136788
9.639167562858612
9.539700027065559
8.671894136831185
11.870301232924577
11.265808999183575
11.100861831049118
10.699970412345632
9.41878987162754
9.501519533401591
10.681037863167786
9.983633572898354
11.47211458841968
9.574783745740275
10.287379410955433
12.008681576017157
9.063463933421497
10.215005568934874
10.392169984672108
10.543140973017689
10.916298366897943
12.159957197855615
9.810812352043788
10.469590659183817
8.420586005449326
9.795619431824608
9.825296652004562
9.150567103089164
9.540938204742204
9.332551475489288
11.132604546630523
10.03883474093647
11.581019238735017
10.51326020472078
9.534250880934675
10.233045606855205
11.741592333286418
10.56577845543951
12.11771370005953
11.208020572740677
8.961738830368947
9.473242521167414
11.337096673989397
12.33307627561355
9.387117242027182
9.483937721015854
9.967543505138597
10.792051480950573
11.082809993413981
10.340533739570699
10.118228700284835
9.771230463070395
9.989031350377937
9.619356209204879
9.761607322948548
8.86128749316327
10.946698922258456
11.05221734251049
9.106730013012832
10.7595025742154
9.318948704028696
10.547174131936986
8.686007983989457
10.164451515107869
8.718514331902878
9.917518818539557
10.143961373806311
10.591148701953568
9.272181455410506
10.468621489941937
9.607269994662554
10.639059832263296
8.951461395019125
9.095511068117181
8.808132187533289
9.45540266992219
12.016240260343944
9.35514308520993
10.008013080791798
10.776378013910618
10.646069453440989
10.24376826796217
9.22876882554506
9.767788832605245
9.137318290517749
9.420637016760699
11.446592135462524
11.600006555597393
10.189695095495173
11.653553979390736
10.939083161157953
10.112886382324696
9.969294600580218
10.144545081689198
9.028153591399388
9.520716265759319
8.440394079782358
9.443790211532578
9.3821955021615
10.806085918544083
10.343675774569824
8.49709239064713
9.80950581656975
8.378930656094605
10.729439844674186
7.962500835133399
10.181555547612199
10.279407382345171
9.302824434585883
11.11541323119336
10.154960873528728
10.53225436188703
11.165581186008778
9.884483636382166
9.659439755108375
8.973690938210034
10.06748380823316
10.016858711037598
9.95473818111149
10.20248098563188
9.03652078594849
7.797713312942117
11.751913660747398
12.505395541271024
9.212157961333594
9.311810485822967
9.494358739133787
9.747601590746614
9.372620428492286
10.226564720706472
9.982893430566456
9.041109833102187
11.41194963456452
11.60034837756312
13.092956973553711
8.103462927078887
11.279862491923158
9.397919213792683
10.33670678653841
10.889781719419577
11.202676550672068
12.09712327599608
10.535020280165044
11.600360246871208
10.603848372703256
10.528086424121625
9.443955316523565
9.030922197615157
9.364700927522302
9.868431008810552
10.583846776078369
8.847801727257766
10.910900844134396
12.476588962068064
10.702020113487293
9.18762908428439
8.79689633357989
10.94792292018968
9.077742232347912
8.325106010813224
9.663257646204078
11.211947185645569
10.93814377413948
8.183597092258744
10.162292419403284
10.024730858089754
9.471577080400849
10.749215254872688
9.7339476513243
9.148088233611524
8.883304392229753
9.628508595631477
9.855694137917164
8.913679407358037
10.353340167265646
11.37253820157497
9.283296888615533
10.48760199785908
9.706561660471856
9.95153938150712
11.542957848519993
9.005289526341588
11.211045739985519
10.075741736223875
10.164888527953174
9.311637389915996
8.541163310036104
10.466614979201735
9.629328857069762
9.707259215180791
9.244746641190149
9.185595056345333
9.772248219554008
8.950029383327621
9.909615356037937
11.022381120749083
9.344755922327282
10.064849885060864
10.46513639054525
11.907296962885484
11.352833994648552
9.430453973274155
10.031780269044498
10.431192670621247
10.449637346081104
10.804255330892145
10.908377259909864
10.417545717793837
10.93491043244617
9.490247220228365
10.917493898032872
9.768301454475072
8.557115721659745
10.511591789748152
10.808962553164147
10.556962560223504
10.950825782577294
9.868654939052448
9.59009716334482
10.757085728472006
10.98969420606667
9.958539021338787
11.276747688987141
10.337030372333428
10.664050084520532
11.145230121029261
10.583697473254517
11.40395294164637
10.530540325022775
11.00941827104779
10.101766227954606
11.834245118059076
10.8049304264257
9.857060386660779
7.830917720974097
10.0721883630077
9.034865150890091
10.678838849161629
10.63058154625078
8.663575605005017
10.863565791798928
10.227489113853286
11.1618441953564
8.995808217932929
9.5163743488297
10.312260090180276
11.022285143872512
10.344024736281884
10.218544612298668
10.239251136016474
11.929164898110134
8.916494545505456
10.254044689656512
10.55579342315915
10.45438467992814
8.827244647419974
10.089542711320103
10.010701564055568
7.999424444527534
9.92100518520853
8.652841859642848
10.02967363504058
9.721751920842259
10.259874536192672
9.134886828534144
10.483420290112408
11.910403307198445
10.209779615078858
10.632294672335604
12.282365271489073
10.762312176454197
9.918061003745182
11.714487650166424
11.230187267913797
10.63430266671937
10.728570899504804
10.034188320475332
10.25078139808924
8.410875409868227
10.612166561405939
9.764648194037099
8.506598643577886
10.363409622950257
9.999948689009585
10.223762428694254
9.565569531881838
8.505703387931126
10.368510946953283
11.47484011030883
9.212460346761265
10.793376052601547
11.754059557809567
13.113604771663738
9.9205167344357
8.35024007835934
8.941061848866172
8.680487563768262
11.605975228424684
10.079201896062889
8.789521090794924
9.411409018138713
11.415675834416886
11.322884310496619
10.227058391493626
9.919199132988716
9.07227644593359
9.353726743807119
11.109254601854222
9.37534577716856
10.487514672982025
11.581275471153667
10.703382310114929
9.347777332987889
11.34377183271799
8.721634723033063
9.293580913886638
10.064507974796896
10.053320312826012
11.244433582924495
8.934015510781387
10.626280055043265
9.900366054627893
10.583888481898564
10.53320140989022
9.821178428699927
9.275096845262727
8.24431175338678
10.699206837526948
11.642214826594852
10.897141011198311
10.82257488335287
9.734242314420994
9.619983897711656
9.287347804964638
10.28363012042145
10.533912970913782
10.428078908590042
9.861410043535438
9.874161982214224
8.823213898249403
11.217270619917635
10.865900270516565
10.646870168699468
9.810172057091972
9.019309885961409
9.919804885811725
11.01309250403
8.853942385163037
10.95050525296535
10.887091136696334
10.389306767259388
8.051313042084427
11.097007213719692
10.101323052972448
10.913756553484632
9.274159909188004
10.746453372435385
10.462871201100644
9.385810438815087
8.993440144723767
10.091201569317757
9.956694701539426
9.493552143226573
7.28920427774091
10.208876607688747
10.803748533957668
10.536989823681244
8.339259048993934
8.394391164011195
10.213712384444603
10.936972649108025
10.060742424989211
11.332358077956846
9.113866396679715
9.968269335331154
9.213836168583336
10.353699058271443
9.1840624779853
11.243142128827152
9.64629207676733
9.673178186461795
10.26847000339411
9.869016998153615
10.901406407759428
9.808366531827158
9.380806098024678
11.608483288931378
10.169579288794228
9.797268248312974
10.552719084297603
11.274326523991135
10.162196614247849
9.463625759696662
9.396746163392717
11.64560708614382
10.25264645395787
8.613169781772669
10.757126262418963
9.417514509104207
9.753313465970578
10.66996928756188
10.254605929258021
10.185998830464158
9.772211278980452
10.450349982750545
9.091122328184797
8.484159508926354
10.442220742397001
11.94335715853816
8.99173855249468
7.8092518418932135
9.44560804590779
11.113478103635346
8.272247368836398
9.37292084515668
9.62859395339475
10.899906166014706
10.332878726779755
10.274252453367646
8.40954670873495
11.33451012512386
9.336233667899121
9.382766862828865
9.77025213406375
10.863390724409111
10.136125508987922
9.1941165656437
11.970587409008921
10.562627394223925
10.342003441503884
10.8144540230523
10.725289002673986
10.477161818108153
9.784977598354901
9.907108658820025
11.098573601014348
9.443873042502373
9.997010360598983
9.04674580822758
9.14912435068251
9.400861112120149
11.537400538501007
9.61850298066677
11.235777260311822
10.69333819320035
10.184744951173924
8.193134187810546
8.693454784657995
10.728986326052153
10.820229395292861
9.040701005077073
9.298907862801542
9.428435707282862
9.237875582924225
9.818098476460804
9.212644145565584
11.89337594884893
9.148462148636508
10.16488329295907
11.986643340920079
10.0355629388698
10.269616168948287
9.24147240367055
10.107949343307164
9.495471613073544
9.4333196163531
7.651565981068737
10.566964167034362
11.471052484892232
10.331674077207701
9.80013851287387
9.351222071095135
8.605679618311854
9.934514409672643
10.014681299973704
11.712506818789832
9.210465256493862
10.14006161735796
8.83069863737697
9.523766239702194
10.547009004004709
9.422780158361599
10.92374567395337
10.042495809993287
10.22859179432497
9.575453525805685
10.270315178022459
8.590812818042775
10.310509018158378
9.985937089590106
9.4276771225252
10.192675984789602
9.535007355856031
10.406052178264549
10.422625677796765
10.122802434139208
11.231351414380724
11.609485497944537
9.939333518847103
10.192229629345471
10.537907422373168
8.990807408772069
10.15984251211996
11.438311283456214
9.720544022837505
10.181446021414866
11.146889962593642
9.177111690417696
10.687148430187465
9.060579723926853
9.652455487870883
11.059932550468817
12.007616209880974
9.577357728136414
9.461081293305591
9.634052114437617
10.028426287415115
9.567715158260166
9.854371910709318
10.10260417786566
10.516020587437865
10.292680418735928
10.394717919573411
10.239376197720134
10.831881667679292
10.500157806259004
11.17682949384826
8.789824190013
11.430307107443033
11.326170678576766
11.07502520515162
8.525780249647383
8.623567079568238
9.008819292721949
10.524420774862902
9.267796868489636
8.914125901710738
11.01701139145098
9.288285416668923
9.37907479429487
10.632514951986998
11.180217757599587
9.842934563863423
9.077046560559891
10.783343660874243
10.225988679452348
9.755828074408164
10.460565259043946
9.86570185068893
9.800034612750888
10.907853402290861
9.973680587493675
10.64214924753437
9.126163619055877
11.23234119303407
9.23757888987346
8.64790844247264
8.529230082262814
9.089549842397412
8.860424545788899
8.543221814291465
11.960869878729124
9.180052769594617
8.34493955291369
9.281543648635756
8.945323307117002
9.162620748993355
10.011137710271809
10.102701497886512
9.125299946306622
10.087795638810011
11.06762458470179
9.499505646513565
8.897649953991014
8.374192442178739
10.342849267294001
9.82569015478158
12.159708269062504
11.108878828161442
10.124196500649813
10.489019181354358
10.511817893191788
10.92559153111912
8.117017396113358
10.615187889489091
9.962822977708834
11.679486896810214
11.25008346403206
8.251563105961294
10.812248999587133
9.805013816186934
10.138547642152327
10.3856051548388
9.436963602215137
9.316492397270526
10.42783543215972
9.554871697156846
9.568517756905358
9.55152408805762
8.988543371419121
10.645805308501583
8.755178847190344
8.899114416748567
10.224052375118607
11.703424006274991
10.784429860703161
10.73364355446415
7.994981775724297
9.337072790689128
12.192277417112168
9.545583351312652
9.943580627088346
11.08695462526745
10.675881013137035
11.55114670211318
9.133668684410486
10.041913612290765
9.808181976434524
10.610909476844427
11.869267935077977
8.666903829654045
9.953988213605879
10.842695219047574
11.37515883719068
9.88091536508096
10.327320609754361
9.961224171059365
9.324858895519109
8.714502648093754
7.8860460142650055
10.256599329182874
9.923824983161293
9.2801485110971
10.133442683426614
9.468251686791302
8.388409463234389
10.49664813634048
11.04432868215932
10.339339241395717
10.66842449218743
7.9824527691733
10.795410718206284
8.836134063063525
7.560913506885337
10.120290546389315
9.397643915575047
10.559811759325855
10.557366940036573
11.039903955615436
8.956463045874273
9.708029061687128
9.535801021769565
9.172766130491443
11.173765079611044
10.923494260926931
7.689985113500587
10.652550837457346
10.60974062579182
11.415640204957079
11.388533262820335
10.218469033294484
9.882389913488192
10.358146950628702
10.016279311278307
10.836797824959397
9.253230438134157
10.451007666339548
10.062416450760079
8.915069663682138
9.931506662618458
10.306041510863828
10.537501879067719
12.282099435966435
9.170817153239755
9.089022981068364
10.091816119307223
11.989491875951668
9.521564043602815
8.861398579356111
10.037473075378147
9.654826403603998
9.784699822250204
11.888138636441832
12.121365011600005
11.591988039633085
10.349294717746961
11.447360421449217
9.619423425600353
11.052766587740928
12.3767906933315
10.83751778655778
10.517477453724391
9.681183046202303
10.726775759322848
9.170347868553748
9.793624234301213
10.310315682984344
11.448351862875247
8.843781515579751
10.176441524517173
11.34804890326666
8.546036776167062
8.409944338318466
10.196212629000238
10.019440734862675
9.853096166367491
10.517167728559068
8.924199350026145
10.752308941743342
9.212911693562917
10.348029180288458
10.769777507996972
9.034921305588561
9.545130084814616
8.955569520278853
9.831552628175865
8.812789224616079
9.389718340023249
10.376465813096614
9.523262177019907
10.931521686004547
12.524727391374926
9.369490724872621
9.942373678996754
11.462755588366257
10.000328509447218
10.109380872524122
9.808938867716178
8.570519290791907
12.198854774167199
10.492743709057358
11.340603104235159
11.169072608849772
10.649848894614932
9.480366671650051
10.220656846309708
9.415325437755135
10.000259207631032
9.932980833140759
10.139889852947405
10.504726699463042
11.38196343429333
10.03883504287789
9.40401784063547
9.606097755005013
10.677810143961059
10.450094611857342
10.710460845067052
10.768932375166244
10.145004049034425
11.483325835892888
10.45768808936421
9.726689467666557
9.402306810908662
10.124715659186291
9.302117228830072
10.77206049396347
10.27662730282995
9.062937274224442
9.970976373940314
8.300582385236511
8.114291798411784
10.806399982867053
10.752831132320724
7.391244215984539
11.702049735909219
9.771771581433592
9.970669886756603
9.055420165963806
9.368364314421465
8.884452317891485
8.978445153415768
11.052565022480985
9.381597404596562
9.913945412055092
10.576197109515212
8.324740123537797
8.758018047115979
8.9779599362076
11.0015787373324
9.586046056876585
9.989572740161451
8.544616850514796
10.344526953929075
9.601752646878596
10.616452156288075
8.704626428917015
7.8359591443803955
10.52425128072406
9.832830877771968
9.843235700080184
10.269811514925701
8.745865139086622
10.125158235906895
9.725189242035334
10.858711412469772
9.58297081734647
9.058807441472524
11.791467536411071
10.13634369322768
11.446635968414624
10.761859528697562
9.261516348219631
9.958620919974326
9.1541037860852
9.979094156553662
11.676112017132901
9.373708890733266
10.03194103623774
11.435384814664612
10.861062882237688