9.265549584849829
11.059499170184639
8.499547811659172
10.237579786983687
11.033892852533238
10.554711144385585
10.265317497559266
9.661781135855348
10.508399183878126
8.96644263518508
11.01609148131685
11.115809076138696
10.80710096139778
10.00106570690287
8.15880783968197
7.563808695634993
10.00573907475703
9.836733194081242
9.414805187023006
9.300854068703691
9.123659020037216
9.809283214159947
8.513898247850477
10.655578077124071
8.898508148312953
9.857728290614753
8.096751916572348
9.639235920899655
11.086649782714963
9.496876198818118
9.95919147989322
11.064856520647186
10.923219756789628
10.266268988689768
10.011681077509099
9.756631164093488
7.938114137744941
10.262402195348749
9.573955974046173
9.462156454631883
9.110666093871433
10.359982835982642
10.100857159533534
9.829553377666917
9.531917763694562
7.802769765584905
9.524695668447754
8.091302305975699
8.271243387156595
9.915924998982783
11.230822240296865
9.676924433957442
10.154523245236302
10.590325115422338
10.458124809477452
10.006214744406597
9.651439125559454
8.284750145995899
8.894062624411266
9.179987435465186
9.554220772147914
8.534978414825503
10.52986452502609
9.449219022599532
10.223668436648007
8.619342027744374
10.740751702872023
10.367682573657124
11.366701765006901
7.7340272334298685
10.676497001498047
8.386427361104085
10.159217002258245
10.191883888959017
11.02834028345504
9.135539577722128
9.824730584586373
10.188284565630008
9.204775602244858
9.663643549832583
9.150986033083518
9.076686120386782
8.93974277929919
10.61678842938676
10.760850822357389
10.560131229636474
9.44117014998606
9.812647337123359
9.29014943905507
10.29337791274049
10.896959732608678
10.927191212458284
8.263279668464211
10.839959239182951
9.195407869984184
9.676572103329422
10.812471249255752
10.727452452046343
9.12759637567528
10.112335836403863