1.1988121764541084
0.8496276307400548
1.3615743904663438
1.569292452499069
2.701261948321818
0.4842564993848042
0.5209511969071273
2.667010149548381
1.0851109356856616
1.620809968204925
3.2232958321935024
1.4393663093138966
1.5718944165800997
0.37943085302088864
0.6831688395532989
0.7236944322089666
0.8041295359592564
1.485716060924897
-1.0266502740767112
1.5784286075755898
-0.826547877067356
1.0695832899588005
1.9620667584623894
0.9104632981801208
1.1010029652570787
0.09823665419614613
1.9544499951648955
2.3535636490320893
0.7575498711283116
0.6077649859600149
1.3902954483514942
-0.3199780797606895
0.3921763222810474
0.9273215864720452
0.5870506345318538
0.5755296408868857
3.014868136554151
-0.0206398976043205
-0.47449162671893275
0.8700732537337403
1.6912712397408534
2.016110804681152
-0.27499837506568237
0.19481687108423518
0.054813918699092024
0.032048422529735276
0.5051795772043304
0.10025772722419746
1.1171808969609802
2.5207933506594786
1.0241417498501206
0.9715590339933461
-0.3772090903292966
1.1934628832440244
-0.7461101995365009
-0.29036366254851376
1.4291734170083654
2.7489490490368924
0.20761876183797046
0.365162624805637
0.8532598212641491
-0.6242536450804321
0.6388510384055306
2.3631634799026564
-0.09522448817070095
-1.0081213914542486
2.10513798948116
1.8838653673894112
0.4563510131262536
0.7863399809277772
-0.30675342602175637
0.9993278347019161
0.4731229448554747
2.2533045642156324
-1.0642677114612673
0.9540572152897921
1.1552959795521276
1.212339580440632
0.16012955564499642
1.3186121311837553
1.3038771702987488
-0.12200666621630574
-0.9449596988410409
-0.31260563908199934
2.4679217448886854
0.403933205308451
1.7332636032037578
1.759583110314503
-0.25472697610986406
-0.713689886070636
2.1540639759335
0.3741113803613939
1.8927612603562953
0.2586562393962071
-0.2932216487862147
1.5198901249802876
0.8893899794102963
0.9352959758465453
1.416814675958326
3.1994762230685505
1.1551260097640688
2.0108614360326946
1.0425433232995867
3.9896184101888474
3.874739463839193
1.4395607446253336
1.9565866168405002
2.89904299496723
1.7265665967613772
2.130819647247676
2.1334618945159285
-0.9646764719815393
2.2044451111108834
0.7796187677652264
0.7807478913217301
-0.6506938299664697
2.3720932528019123
1.8611048348716186
2.5707010008076914
0.6316169153827642
1.4573624984923117
-1.297982117875462
1.4378662546763574
0.9269325239609634
0.5378877757638634
0.7438623979974032
1.7918147175513202
-0.3431666602790675
3.0017385822692977
3.529081805143591
-0.07559613551417677
0.020035034453736333
0.33547557888034596
0.505744541987444
1.51345155889996
-0.011364591098310672
1.9915014580011685
0.40231145486179953
0.09293189147958392
1.13914090663233
-0.21682936326321878
0.5184915895635798
1.2479335832682732
2.0062751708958517
1.3491950542567959
1.23107573658556
-0.18140648532362946
0.7066098381941571
1.6044946972015752
-0.29962207052225964
1.8689403838244836
0.24273539963069435
0.22118052609588412
2.480690599489833
-0.5831230084361319
1.218329492342808
0.6637154095090221
0.8156212771879607
-0.12689625078379319
1.3788115636838432
0.6168915738606201
1.5495405285956987
0.19281017855093718
2.1585960221712597
0.289999301025584
0.3487010380634634
0.5726634377958756
-0.2993126076253423
1.8891525516252687
1.9953440150286976
0.13171348731067356
0.7333302489921782
-0.20351703918131547
0.12800574624127814
0.8715979694722342
0.44348228767913833
1.1078373135515451
0.684944600316092
2.6720260921115524
-0.06929217563784773
1.0296950628229795
1.101028194134608
0.9933495269508787
1.6362297124943366
1.5221150339506888
2.6548431585616017
0.820898222783067
1.9311059858501087
-0.08270761407238436
0.6135185763438278
2.0699906329854416
2.174588224498672
1.0623905172007768
0.5501959173623876
1.1538919380749195
2.803089300454543
0.6239722848761896
2.202004493513832
1.5714983178053448
1.1644872784252098
0.48917883531947903
1.018492910628858
2.713630154704874
1.6220068803857681
-0.21050431709880946
1.845000704416321
1.7830080039212892
0.09172527422841681
1.3518203542435185
0.817916341179644
1.1381185808985588
-0.2470332681201557
3.2999421216976725
1.8986884760731082
-0.6932331615740488
2.294164676752631
0.7234055663108994
2.0250242079500067
-1.112396208498374
0.40616181096820825
2.217631998972144
0.6937423343638573
0.92309236323289
-0.11707419045658374
0.6902777632902308
0.6910384046493236
1.257995716011914
2.0233632992938677
1.5078228545187102
0.21387739500398406
1.1172955239740214
0.8021457149084827
1.8638256268517075
1.0702823349787622
-0.022068703981766857
1.0790443918375612
1.8088033089381121
1.0103324502451154
0.836004398010901
0.08796350533407726
1.170046093426045
1.3371502553024524
1.143852180556319
-0.39032818919151624
0.18623428606247305
1.2010571531149803
0.2235654881567659
1.8732259404103702
-0.13824784476717733
1.698862962873148
0.8849107002066421
2.6414157457720817
1.2546346537032784
0.6931483163779577
1.370123108497157
-0.19051969499054722
1.5690901052623194
-0.04175727112533889
1.3672222901210147
1.0513238432508916
1.211967458100218
2.6151680224607534
2.2459404882893965
0.7990591601763367
-1.2416156934967497
-0.264050361697751
1.5547160803251874
2.120132862610104
1.588540558438372
-0.7444357212918342
0.3997860382392707
1.4156106208515957
1.5993561919483863
0.4294201602116625
-0.30278473867953126
2.1062849021313816
-0.1456851143851572
0.16348650014398414
1.3930551924827363
0.4845448007605604
-0.29195013881629595
1.5024920265072577
2.498130798520224
2.032893688108514
0.6206237530916411
1.438915803081176
1.635839163397853
-1.2235605878768934
2.47811443721558
1.6523118074846352
0.4459516117065908
0.7372845298396246
1.4898803702741568
0.5163057928071512
2.1885524931542952
1.2576522158105643
0.1604937838605348
0.03272134872441679
-1.472288222598682
0.6408842411304253
-0.056950453341692464
1.2311023653740913
2.6342489038130483
0.08569776045252242
-0.6613681408422141
-0.23504217512475045
1.229141143234583
-0.2780057256892017
2.2728329562009693
0.6849538461807777
0.8687567549403266
0.026416949747150142
2.342353235526945
2.179274274728472
0.7938727662165566
-0.4983510075968709
1.2874635190731094
1.357153724450459
1.3865299923329448
1.7002157160738365
0.9922489618607478
-0.34055217314866426
2.8906121411157923
0.815769993395363
-0.0034335395291094084
3.6540718809873454
2.497348510108756
2.2431574746091307
2.3508306663337484
1.4890629760493046
0.9347914135149066
2.3947419546888167
1.4392974051071796
0.6179984743736044
0.8422250208670639
-0.24975535924601866
0.8533657978168399
0.8304004096614868
0.8917980194042208
0.3123612970117585
3.285299939712
3.7753001294463497
2.3438641866079024
2.1183002763748258
1.0809739180795186
2.6211620634986206
0.6808682688375591
-0.3212082939105778
-0.8073681962778101
0.5093666293119335
0.17062524882450603
0.5308103594748697
1.587551253549814
0.5518928795846547
-0.5964273301558798
1.4825249462271435
-0.2029955080036665
1.585146290956474
1.2571730223540902
1.2110662488294717
-0.0018732790199231797
-0.18891805011688634
-0.12520075567749878
1.3822904776725644
1.5957907880241127
1.6540912060776338
-0.8082099628103621
1.3079234384343854
2.20013950653484
2.0628074368892073
0.9149903886863954
0.5594270398198152
0.5353583958583088
0.7155620661713687
0.7503299841954639
2.18489593008048
0.5156309437115951
0.47663742778391216
-0.15417022161823568
0.5897260971157094
2.1049690635655525
2.8893771892984446
3.0034216929111683
0.3916055391798775
0.34253811706644566
1.8879368155618832
1.7794955152968872
1.549556820832381
2.3594827500857267
1.025229626555772
1.4925577850435603
2.172641666313452
-0.9652307909139575
3.7734685767015828
2.041510731112317
-0.8917832410833921
-0.038788118009590145
1.2375451182081656
1.1031814130033664
3.7159271343880103
1.2248641283415413
-0.8109603413468291
0.858549180342758
0.2504103681937836
1.2745038988778286
0.5438267528112086
-0.6159027907086096
2.799038128230657
-0.12944073635826658
0.5478196331132924
1.1531866633544183
-0.02461878407978091
1.9696305737438398
0.8193920266269799
0.629362496018693
0.2918791897961459
0.3581180562243804
2.2985474109521156
-1.5842565970747762
1.8865400995894461
-0.806470532418849
1.136674601036337
0.40636989396925094
1.4534059625012876
2.092430978247539
1.248293618412808
2.04252471754251
2.4171825526838027
1.6714210992336413
0.16168290867139423
2.5232435767243016
2.4495547727410196
1.2652044882796183
0.6578010370094733
-0.39319135871717603
0.32164159881311927
1.9232337308470557
0.9351725055581068
1.3709172058662618
-0.47219553330670005
-0.2860605511608858
1.8035540760363502
0.44420338099811707
1.5236368571249814
0.1517682105399446
2.083663524116732
1.3425795676800016
0.7137161418997295
-0.037898760241058316
0.3501207218386613
0.954663764960181
-0.6962516445338567
0.29200302652177057
0.5261801037639763
1.9300697687630963
2.4124144306497497
0.8039380512502192
1.7332091786044095
1.7378873142797162
-0.3028520257462788
1.7509603606847133
1.750143333840423
1.1365662266956342
0.5861423350305934
1.1800560494138448
0.5737330841126613
-2.0222479751172977
2.10680458262346
0.12831628390039584
2.0987530065106634
0.9263733227216447
2.978819146445944
2.8782414650921235
1.7390651447386576
-0.5428110604678029
-0.3530297429656979
0.08923236249456334
1.8758517908500056
1.2936675785554188
0.3885849624333926
0.051374570576737444
2.0819256636434087
0.6272260609796849
1.7267064629685382
-0.5079662056158345
2.980237710909351
1.9154500544080064
0.7070097361040071
1.247909869026977
1.7172758924612153
0.33346147971642304
1.7389197659730449
-0.024425635923682076
0.4937166506138523
1.3775850935574172
0.12344192378868624
0.9352966233744247
1.1208960284007288
1.8172605056790176
3.1816900374613586
0.5781080778537321
-0.14745667620007685
0.2552183812337543
0.8157437441264144
1.47372289567042
0.2160168927442353
0.14351396710971243
0.578840959324992
-0.39586524939137857
1.6545079547816908
1.0123277226683118
0.6317387696160721
2.099790039580232
2.6190256847938835
0.790373316242093
1.1895892080065429
0.6986076047108268
0.9727098951793125
0.024408947921212953
1.4010926652271722
0.8648137671169924
0.9400329841592818
2.116797467875712
1.4524667856483975
1.1168752165959006
0.0825921729704352
1.105131222721546
2.6215818868538516
0.974817106390799
1.6527794213815228
0.45609976040042366
2.3150098832596897
-0.07955022862311645
1.7610862060439547
1.8170953468902367
-0.3547120111880262
1.1382881469131345
-0.19486039160497026
0.5080129622103106
1.538426992362996
0.6869096865347056
1.0450510827261372
1.9624687612334175
0.9249175367043996
2.603959467045735
0.24972296400486793
1.7832546117321553
2.9576999376072948
0.6156798503773319
0.878631627273719
1.3970366178354447
0.2425498387749624
-0.041699485069293996
-0.04289663533747645
1.1696938830785457
0.6013694545979458
1.9745389186557634
0.2841394074419944
0.1304682702692933
-0.31941782087086223
0.7655651842301824
0.05057424044352121
1.285086566904958
1.8999757420276113
0.832853016295446
2.4549853120450127
0.38756791365647425
-0.15200260663818121
1.3076399948262898
1.4602435608357711
3.2443675576150914
0.8194172114862592
1.7244719043528582
0.6008441156489583
0.8777619742735439
1.7387938573193464
0.8412111276288858
-0.7426994091463199
2.4306496350280042
0.4349533300639348
2.5095205742997875
1.6608515254296736
0.20863141478012315
1.2840160607015467
1.5840358603471543
4.078652484153398
2.0764837140415846
1.4675678021578813
1.6428237862714106
2.279139373064916
0.47323287073279985
-0.01476786869387925
0.9538524044138266
2.2019623198090112
0.8294958238168697
-0.3479783797049163
0.44402434805758817
0.026956790541804332
2.12748539677025
0.6594042839819156
2.0002245623515535
1.1568601238402678
0.45595319095911346
1.2418420343362022
0.9937240835672463
1.1644231198741497
1.4453429188022209
2.6840425466394824
0.785656199115367
1.029250491444658
0.8863679437834701
0.5828085391244697
1.897008774327404
0.3371952899854199
-0.5127907094342985
0.6103668288482107
1.0876535272036307
-0.4868573500671447
1.0512847701160226
-2.11339139850368
1.13542843270079
1.1931854894939176
-0.36466658399890006
-0.33035121264342493
0.04032831831117234
2.0663709630212446
0.8183896872779611
1.6743759260195623
1.8858819449504374
-0.4715322631992831
-0.26992517395533544
-0.18442110949599155
0.1162920576322436
0.081954972415342
0.15090375332116834
0.6417152386414018
2.9800438312843327
0.17979966416653992
1.1368294881930407
0.8631264267853649
1.3431086211322283
0.8014727273788216
3.113523656356585
1.3707253695444863
0.1332860462895501
-0.4541502060990197
-0.023386777002344816
2.9551809477278033
-0.0808356910596868
0.9979627621342938
0.8978173281604235
3.2881098355158693
0.29548830663673165
1.121400240234329
2.079934644421386
0.6633133588702276
1.5370946188647856
0.4506032489477292
1.0373043067575076
1.7535545095652294
-0.16129494114688958
2.0393401714406627
-1.0971963812306038
3.339236261369549
2.351147050341967
2.8962297317810153
0.001164389259731724
1.1598285469115828
1.4320307412489064
-0.2444527267091905
-0.08300647387179905
-0.7797234888068398
1.7158897769089378
0.9856591922144838
2.2974872765754517
1.8303583482336836
1.4149935102828355
-0.3234884553386803
0.7222287419801015
1.2249351233160735
-0.2518831150232381
2.703840405505323
3.305525637753043
0.584785950196478
1.0183188712447495
0.55734045250099
3.169953676004568
0.4694675106434637
0.8083902682085049
0.3268246625228992
1.9581075533810477
0.7506044816492393
1.0781793557600483
2.2745300308643923
1.0743004191316723
-0.2810927458153709
0.23054800119594498
2.823731748919036
1.379936462409364
2.1644919542768104
0.8734746388039782
0.2894408121846167
0.9353096951560684
1.9000608067976013
-0.19705970966845876
2.196915155851488
1.9401045352773951
1.3495307993128403
-0.6022429810718575
1.010659667795028
1.5298869489196263
0.2122709187219053
1.3609715954207084
0.9205591054352323
3.9080464965764574
2.023449142445526
0.46346718308931056
0.01831664975500691
0.9012019565400559
0.33779512561450453
2.3051068521772686
0.8986036597632144
2.4186118704688013
1.4723973811593103
-0.6672522498140652
1.73132914937334
1.1737125075208583
0.7154811835253913
0.48634789432779424
0.34253568582578153
-0.554461531490456
-0.21092594495192962
1.8735797662933409
0.4624661022805817
1.9367876085595712
-0.37484384145957783
1.2732401462621503
1.3647628012745519
0.7106435521361529
0.35707241572620085
0.9957789299416635
0.04717898971591583
0.7937761012056579
1.1788702724685238
3.363774685716043
2.482429067824121
0.7287971692692936
2.531531376253537
1.4092941823274847
0.3180414837672071
0.7418822261098487
0.4441445249006146
0.8257456426025311
0.5381381297960885
0.8312470066088166
-1.4541904702775104
0.13414008029071978
2.0409444047698093
1.941336993488308
2.084914190878953
0.01436224038677092
0.5980151151491553
-1.2115509073126116
2.654049802894542
0.6058741326391148
1.7099715420246309
1.2818307723839069
0.6604820698957804
1.2574623802676719
1.1740198528169923
2.710487693026712
1.6898913239933695
1.4324242837627406
-1.210359973862852
-1.2825355503173665
0.20651777102386226
2.295308164857251
0.885857673860824
2.621728679562819
0.5363424809028662
0.9658772127596644
0.7846830203910587
0.6644198548995192
2.1940399898517313
-0.012736962652976747
1.5235589305573756
1.8430778955249825
0.6774500884209437
0.013905466843406433
0.20036513754392604
2.25687983184255
1.880407201275093
1.6309774476675483
2.895575731566609
-0.6006547068902386
0.7341334407198726
2.4597306934268173
0.7919286145834331
-0.031228706632965064
1.0282222450157579
0.9519751132207562
0.898337440445707
1.7565662536611277
0.34695603382162477
1.7813207117474537
0.9486633235201016
0.3285038560851016
1.6254320576655092
0.11218365954417997
-0.4602030295928703
0.5668533288455511
1.646112737953049
0.4346999527948645
0.22625223677653827
0.10550993250318452
0.8303590249409956
1.2433004425894343
3.5487083357486164
-1.3931809924716707
0.9615941128305998
-0.4050633275445985
0.3979050060097342
0.9639756624594806
0.26330385859632455
0.18841359999690777
1.0420337596105955
2.23411223690972
0.4535666603305346
1.2333450840264177
0.24403008091753753
1.4953615924821928
1.0255279237148536
2.8118129821089495
1.0395019759739885
2.689434816729973
0.604198287263122
0.3905274660604663
2.088035195247462
1.454573158934486
2.3471412128671063
2.715430505436742
2.1025571360212805
2.5087047273727103
2.546044196221736
0.3868254814097464
-0.255223646989468
2.1545017026560354
0.13104381207520055
1.4174666936512936
1.437005276358608
0.4569892820837398
-0.062483832421597496
1.3107873373544565
1.5707419023433378
-1.2738692762919501
0.914299555686381
1.7357805165416451
2.263644256406498
-0.10006734559436925
1.3023237563513552
-0.14483226000690408
0.08112228109568864
1.9123632101564227
-0.4036755238280414
1.5854649647732801
0.07938906953826785
1.9585436696146967
-0.01432033431867974
2.9047050569225643
2.563887404418327
0.13958573995635037
1.014298348104946
1.0362733480326085
-0.01989472598005637
-0.35686139155906327
1.5961731341454803
0.30080453233343996
3.0899604491485966
1.5343821853917368
-0.6616867429745485
-0.019850455644768505
1.6998835212405454
-0.09856025755535236
0.9618247578727728
-0.06207750402056478
0.020719158916086555
0.06670293487534362
0.8566542485548727
1.0042226172666695
0.047473384498559534
0.43841802533253127
-0.649513265730643
3.0224572655507145
0.36208584580452186
1.7131152557429408
0.6740552534206714
-0.488482228010813
2.5856117035934076
2.1465180935745436
0.21875984898945877
2.490500852063622
0.37509674708849616
0.9836660139033991
0.1289159310014345
1.063414823146385
-0.05738492278561136
0.10129910424175481
1.109009733945947
0.6468690744293374
2.404117791304746
0.8334597372696648
1.2320597824435784
-1.8987361684289779
0.7161260162079186
3.272247298103693
1.5734151990803353
0.4975854146521419
2.3509895083504873
-0.16760109928450606
1.1144988465284178
2.0937610083676823
2.1347372812009144
1.4946507457041815
1.2985790791035172
0.3983233573018822
-0.46111996550403966
1.3641316019761345
2.797393280444778
1.3881165858605917
0.949498389038732
-0.12283868164882827
0.29195217353062697
0.8608022145785483
0.4724673470299542
0.4247842571941032
1.074715396118052
-0.116114385617339
0.8573142445776153
1.3295609745526733
2.0404144945383855
-0.6952895961054231
0.7742890063679734
1.809204293807158
1.3948660364482404
0.7957307300924444
2.3248152828675206
1.6757364510253363
-0.10586550159996677
0.7164354991704937
0.8791687273785334
1.4201529763297267
1.4709329891976761
0.5089454712397783
1.03559827431416
1.952716383290392
1.577935600561049
-0.0775487057036992
0.4275091017469965
0.8735687909450547
1.8166997799659859
1.576245341279618
-0.4084647362164213
1.0050146241833828
1.8121597014887252
1.1526118279990056
1.1114400525581436
1.9861805794640526
1.1104299303259422
1.4166636934231935
1.664855719943505
3.4238585039744693
1.5571735907045736
0.8447632179458545
2.9077434148119132
1.3077022697753018
1.1240498067323517
2.5965766339502503
2.3385915695031594
0.2955602697986147
2.097809245870218
3.0661475611939757
0.5183040685032773
0.9791617699869366
-0.03319529068005256
1.2821864259486475
1.848434620411919
1.235807580647009
2.3075550580197737
0.8346040549527405
1.4477993620379621
-0.4955981436079
0.8931477952123303
0.9656521578726107
0.015475800647412385
0.024325181885466396
0.7923897460239783
0.6742958641493304
0.9904710213428829
1.057204259347979
-0.3447970254117112