-0.08670309553042155
-0.9686395249506854
3.279682607732914
0.6996168789845426
0.870557923748222
-0.502092118678322
1.9851124673659992
2.454157329965847
1.378558992244085
0.5733548214757538
0.09357318504425072
0.984763246283083
-0.07146836213850194
-0.21071087392549104
0.8868632136163266
0.41554428167795954
2.1656867407982965
-0.18947953683864616
0.49962934774325474
0.5452430073754002
0.7482271778194443
1.535129440702725
1.6320518462524531
0.21114908992748704
-0.11569888716589394
0.26206495210041525
-0.003438974492585345
0.8446360235097509
0.7372029618822155
0.3620798244121681
1.5650276544791102
0.7240862936279038
2.1002008449919547
0.7102151943956443
-0.021681017961392657
0.6425222514829182
-0.7133053189110221
2.4617317208087925
0.32907262230963064
-1.1889275773767536
0.009417844975487366
2.127023896856385
2.079666281531564
2.636292314038742
3.8289483376427094
1.8490089967768517
0.35024671843181554
-0.06768553578038161
-0.38966863960854137
1.1878183701903373
-0.237717730964095
1.4660254859616026
0.9352424455782051
1.3993736077706713
1.0434857300897074
1.511798521769378
1.5114643551496698
0.43708195023772833
1.2814637297496247
3.323785519826731
0.946303049545396
0.3555521875460046
1.3036082810962646
1.133449169181062
-0.2599861719708745
0.7880204117938654
1.4232237492807118
-0.9949350359974654
0.7469263333555913
2.694745296130749
1.6151177145468782
1.2969319924975629
0.7082621288473453
2.5594314135984666
1.0046997249887135
2.090175540555136
0.4640464803241101
0.16658164596791747
2.6358800527526576
0.9416251852682129
1.9963369590033317
0.9488206415509512
1.204588170088794
2.7321045872314036
-0.6754967230991129
0.8863059905902158
0.320959798830013
2.13171027906193
1.0089017367563995
1.150114019192826
2.2177400290008142
1.6471708553643891
2.3499704532610046
1.924947428547032
1.3223945546999862
0.5553173471200616
-0.16467203115159013
0.7793903990351888
1.5524589540455451
0.6807859046817941