-0.30394912
1.64323173
0.46157083
0.99955698
-0.58205663
1.08572755
0.13866055
-0.12448937
0.99729289
-0.77206240
1.07033154
-1.33147840
-1.35083655
0.30737674
0.18726322
1.64859775
-0.17733569
-1.15234525
-0.65953836
-0.02826550
-1.12386135
0.63243648
0.45972856
-1.16893032
1.31797355
-0.71799618
1.30638167
-1.56714998
-0.24821100
-1.23440394
0.23842347
0.03930785
-1.00573461
-1.74936643
0.09390513
1.41330548
0.40815758
0.66324599
0.63358624
-0.09207845
-0.21224094
-0.23916362
-1.34909672
-0.10888613
-0.74486698
0.27445474
0.47579127
-0.55003817
-0.14351995
0.09015514
-0.54982475
-0.29039204
-1.26496463
-1.60026592
-0.08612528
0.35638839
-2.04821060
-1.77016510
1.05923626
-1.90865535
-0.28753533
-0.18432381
0.32454385
-1.50775537
1.52355004
1.10653344
3.26202910
1.35600045
0.56190318
1.16487786
0.16726467
0.35643110
2.17733569
-0.81838779
1.46297849
0.12580961
1.23767193
-0.44287736
0.71472200
-0.63917065
1.11889488
-0.86576317
0.38628716
0.19907266
-1.56637120
-0.08722408
1.02388931
-0.38794961
0.36507397
-1.15046929
1.78729466
-0.10189028
-0.21899138
-0.41402053
1.12508542
-0.60951539
0.62164134
-0.27928300
-0.40969928
-0.09857912
-1.83852095
-0.43726372
1.15637789
0.84403659
-0.72658735
0.25342576
-0.55474139
-1.17096206
0.69793374
-1.62199367
0.57959247
-0.21512176
0.31961063
-0.89130783
2.16701051
2.15926628
-0.02343204
1.11733436
1.75613661
1.19942292
0.08632981
2.00245936
-0.54942425
-0.20725935
0.41935720
2.82510729
0.53046585
-0.67150655
-0.43081118
-1.71787573
-0.49573081
0.97538596
1.26316484
0.16826471
0.68819082
1.45311587
-1.00601496
2.37261913
0.65379296
-0.13513888
-0.57077714
-0.74939547
0.97382674
0.60599977
-0.43686595
-0.81942941
1.86646189
-0.84504457
1.36883534
-0.43429804
-0.16906909
-1.73311362
-0.33943258
-0.35925352
-1.07595850
0.45486319
0.59193909
1.35630754
-0.71446519
0.91066872
-0.95408734
-0.09445562
0.78703878
0.78173907
0.24305938
0.40897469
-0.03878312
1.16738335
0.81420328
0.27891664
0.30042080
-0.14848732
0.38635927
-1.97338627
1.49242258
0.53385961
-0.41189844
0.23504926
-0.99167437
-0.33074372
-0.73953903
-0.04337070
1.64520580
0.22066864
-0.03661992
-0.56423480
-1.90712021
-1.15609500
2.48999524
-3.31104988
0.43825863
-0.74534673
-0.62776203
-0.95865227
-1.41575904
-1.09058671
1.25813700
-0.05158161
-0.73140807
0.41624492
-0.42396221
0.70953112
-0.84077051
1.35798969
-0.45098381
-0.00558926
-0.04301428
0.56623640
0.39188244
-0.95908294
-0.13513166
0.58824068
-0.38566805
-0.02912026
0.63615791
-1.14088712
-0.06934001
0.41608694
0.88836960
0.75709741
1.36430326
0.35193850
1.16262778
1.00154062
0.18975565
-0.88524026
-1.84222870
0.69485986
-0.68600441
0.87482886
0.63418940
0.26058485
-0.55467241
-1.19465774
-0.49915639
-0.16629977
0.52436809
-0.18865181
0.48950536
0.89575365
0.20263199
-1.22031931
-0.68330395
-1.18513960
0.70387229
-1.25959925
1.10118942
-0.00974611
-0.64222360
-1.18859927
0.12571887
-0.43781543
-0.23366239
0.09767394
0.10043817
1.58611633
-0.27248046
0.21412923
0.68460733
-0.34613375
-1.14534430
-0.87464634
-0.77845957
0.27245481
0.15752645
0.13915577
1.29844998
-0.18580044
-1.86827348
-1.05699082
0.10797895
-0.92363490
1.40618057
1.44818296
0.24772460
-0.10762083
-0.22408936
0.56660804
1.10728815
0.60637861
-1.33211114
-0.80218264
-0.36013212
0.12578414
-0.53505393
-1.29688591
0.85396583
0.73320746
1.31634230
-0.24383329
-0.55424934
-0.85617931
0.22014463
-0.98115787
-3.07553976
0.29436285
0.80135290
0.48829437
-0.08476942
-0.62870009
-1.28348120
1.39574242
0.32389508
-0.84692416
-0.45760989
0.28340844
0.66022439
1.56545411
-0.79510213
0.31050226
0.18524685
0.33264998
-0.35604892
0.40776100
0.81236251
-2.19202171
-1.69454457
0.39553617
-0.99766202
1.62600825
-1.80193205
-0.42940442
0.78979322
-0.33372485
0.60466317
1.25203532
-0.69415145
1.79139978
-0.28398452
0.21407450
0.18674448
1.49089371
-0.08118343
-0.67717926
0.36677683
1.13787017
1.10568084
1.74379695
1.15620604
1.55648535
-0.46059052
-1.73809917
-0.42153156
0.67563718
-0.31161566
-0.30100977
-0.09275772
-0.20187020
1.41097995
0.39387422
-0.06744883
-1.41502057
-1.44586023
0.75402142
-0.29992044
1.28946872
0.06886705
1.01531775
-0.45273588
-1.51847924
-0.81662478
0.23041951
-1.43767752
-0.81937408
1.40024071
-0.54629019
0.51376715
2.59121500
-0.60763561
0.32164279
-0.36070303
-0.08596772
-0.18590785
0.14894870
-0.32173761
-0.66191602
-0.90256102
-1.62807217
-0.33956054
-0.14977162
-0.44449476
0.15901543
-1.51269623
1.37871697
0.35609438
-0.39571954
-0.61284173
-0.58494168
0.14325639
-0.56500972
-1.79531282
-0.16469913
0.96796599
-1.38990068
0.43950297
-0.18729740
-2.22151133
-0.81459825
-0.87019447
-1.97815269
0.57363558
-0.71185263
-0.63406270
-1.72140696
0.35079984
-1.41449726
-0.19236218
0.41094919
0.40140864
-0.70338034
0.37085838
0.14806883
-0.14976896
0.19368347
1.51394135
1.65471403
-0.57444826
-0.72007436
0.69561953
-2.28737648
1.38610714
0.58132992
-1.38167806
0.74290947
1.04119727
1.05827538
-0.20740311
-0.34282078
-2.12758392
0.43119286
2.06538893
-0.74410821
-1.35482600
-0.33337881
-0.88581855
0.87609492
0.67441656
-1.45136888
-1.41266241
0.62270015
0.03789746
-1.14703015
1.33050845
-0.71321495
-0.24716198
0.07013859
0.66937927
0.49540554
0.40219249
0.02374583
1.49329035
0.31888975
1.61871805
-0.71953250
0.72721578
0.64381968
-0.74414167
0.18193551
-1.37326103
-2.07324657
0.42613329
-0.58375197
-0.58644557
0.08617973
-1.20467016
-0.78505014
0.68259821
-0.96928841
-0.05965974
1.19007235
-1.17324626
-0.31695325
-1.06176000
-0.63041267
1.39222832
0.51434578
1.01241402
0.24068503
0.78420630
1.85950471
-0.26953657
0.22443175
-0.12878032
0.90002800
0.41821845
0.48953905
0.45792779
1.05718450
0.42506874
0.14758009
-1.16104721
-0.81619162
-0.90974631
-0.25307399
1.44371542
0.54095835
2.11806192
0.62137581
-0.20347591
-0.92665533
0.34230447
1.28232642
0.25769874
0.16064465
-0.08211280
1.36444545
-0.34294212
0.86514653
-0.39441241
1.59317882
0.11128299
-0.22380983
0.54468574
-1.44393703
-1.36769221
1.28587450
0.29839750
1.68583097
2.12646112
0.97382045
-1.13878560
1.32932651
-2.28490380
-0.00843375
-2.30211833
-0.66381128
-0.15943328
-0.14297458
-0.77375286
-1.38332959
-0.49825844
0.25529349
-0.50795293
-0.60309975
1.04230363
-0.83191019
-1.40781337
1.23476346
0.26667937
0.25978619
0.19082034
-0.75791098
0.44004883
-0.55598430
-1.60633199
0.21961546
-0.68038707
-0.08354456
-0.18451787
0.97128249
1.81856521
0.47322049
1.36915365
0.05499608
-1.47042937
0.90488313
-1.09684980
-0.25171522
-2.03298727
-0.50132140
1.02396089
-0.24708572
0.22102551
1.78372060
0.55234212
2.03096768
-0.86184957
-1.17463587
-1.40126223
-0.21327953
-1.58834013
-2.26844132
2.03717484
-0.79811712
-1.95103979
0.25352345
-0.55885049
-2.14939020
1.10985983
0.87571079
-0.39278242
-2.20938928
2.46622492
-1.08658099
-0.18037332
-0.86842944
0.92295694
-0.66180438
-1.07238471
-1.04200711
0.84425325
-0.54786754
-1.67022234
-0.88492560
-2.48002777
-0.12577245
0.11595727
0.30306686
-0.65757912
-1.58480536
-0.17455003
0.42983138
1.08005054
-1.52537941
-1.23489087
-1.73344720
1.04414322
-0.49403102
-1.17570120
-1.32836114
-0.89622214
-0.06035362
-0.96566269
-0.18207926
0.24674519
-1.54040871
-1.05125471
0.41912290
0.27719754
0.24332006
0.04233812
0.64372700
-0.89484581
0.32458267
0.02963435
-1.82632167
0.96429005
1.01750210
-1.03230516
0.16584008
-1.03644862
-0.53954504
0.61723270
-1.68716363
1.71735918
0.20861328
-1.16527252
1.82393634
0.54446761
1.08174389
-0.33097505
0.48822122
-0.35419337
0.15326632
0.47118525
-0.96879283
0.92147054
0.34421829
-0.60771708
-0.59508985
0.29066359
0.76837404
0.47416049
0.84013251
-0.47001350
-0.62056085
0.24110559
-0.09731342
0.84922425
0.08834422
-1.37724933
0.32227094
-1.84987394
-0.49047640
-1.06288791
-0.79554255
-0.14050239
1.38121321
-1.45985384
0.01514866
0.31501753
0.76057172
-0.36773640
-0.73331430
0.89198884
-0.92646882
-0.18182919
0.33139649
-3.07370506
1.79744359
-0.43992732
0.76585565
-0.53295852
-0.75882030
-0.27982712
1.63239161
0.51679054
0.44902229
-0.84965618
0.70297680
1.01631593
1.18357501
0.46756035
0.76327594
1.05671161
-0.26686852
-1.31096590
0.59429265
-0.70049749
-1.08438257
-2.11034346
0.16201884
0.91670898
0.57144341
-0.29232096
1.25515876
1.35184147
-1.79592409
-1.01493580
-0.66233783
-0.36793611
2.78889716
1.00085199
1.00932130
2.55539717
0.71403086
-1.85200941
0.69453048
1.30370917
-0.59509843
-1.07231250
0.20612669
0.16655762
-0.76352109
-0.71671360
1.09875234
-0.60388415
0.58024005
-0.97021541
0.84457287
0.25046083
-0.44674725
0.35030531
1.25827486
0.85147070
0.20489835
-2.14320693
0.03543662
-0.79069795
1.91973454
-0.19686057
0.08227337
-0.41709912
0.79596932
1.04873364
-2.09341799
-0.96172680
1.11980453
-0.32029774
0.01611827
0.97556192
-1.54691948
1.83916433
0.90890359
1.04556861
0.56383742
-0.54371264
0.18396743
-1.20336946
1.00899239
-0.97528324
-0.01464521
0.86812245
-0.22477449
0.63994829
-1.59168434
-0.14392401
-0.99180127
-0.26082912
-0.62891730
-0.91116094
0.57092005
-1.68574662
0.57200641
-0.40987572
-0.16077172
-1.10600321
-2.13937570
-0.85666489
-0.74917918
0.08349285
-0.05525003
-1.82250721
0.91949063
0.84230784
0.19848208
2.13589984
-0.68482928
1.21314712
-0.38703419
-0.42191038
0.00348279
0.84097141
0.18349367
1.62075688
-0.07213858
0.05344397
-0.48061479
0.76270915
0.57361406
0.72864868
-0.80242606
0.51596034
-0.27815653
0.57189134
0.24005824
1.19354935
0.46940106
1.08333527
0.44492521
0.38016490
-1.73338709
0.62451850
-1.00847416
1.08492172
-1.22974980
-1.21701806
0.16402292
-0.48521848
1.28552104
-0.93866206
-0.53472593
-0.26170594
-1.09111487
0.75628963
1.36703080
0.47523782
0.71444506
-0.49417513
-0.87623752
0.22154697
-0.20380257
-0.64483377
-1.32313012
0.78026529
-0.39341158
1.41802632
-0.21180273
-0.46144375
-0.82114769
-0.57675804
0.59266753
-0.79601210
0.05795745
0.60976129
1.47702401
-0.18015049
-0.45903517
0.40147651
0.14391083
1.46148900
0.21204083
1.19681600
0.24580607
0.05979417
-0.56711950
0.19742505
-0.73515658
0.16872458
-1.02949054
1.02197807
-0.10040327
0.39184873
-0.28474749
0.86293900
-1.06016759
2.41843553
-1.04546022
-0.90792546
-0.12706003
1.00615974
0.27861399
0.18753071
1.07275500
-3.04762626
-0.07298941
-0.20433004
0.62090273
1.02092897
-0.98967237
-0.25633315
0.21442163
-1.93228299
-1.16748784
0.64538077
0.23593418
-0.94204307
-0.91055150
-0.99505609
-1.98391556
0.28137463
0.12355546
-0.27699565
-0.27981453
-0.64318462
0.45571434
-0.31723108
0.47283279
-0.48494558
0.00608433
-0.07192179
0.06783906
-0.38001408
-2.04017429
0.66753612
0.77642337
-0.25841638
-1.15781435
-1.41826388
0.49751925
1.24023844
0.85293812
-0.55708413
-0.80970079
-0.48371230
1.10521395
-1.29406189
-1.67973710
0.36455023
1.10051829
-0.26379136
0.15120177
-1.86082054
0.70312372
0.43906260
0.76294810
-1.72897422
1.91879243
0.72461701
0.42578533
-0.31981636
0.79318177
-1.00409997
0.43388747
-0.39139102
-1.31322947
-0.77201391
-0.84605382
-0.68620484
-1.11708781
-0.91081684
-0.01878813
1.07939806
-0.81541819
-1.87552702
0.17979868
1.23628668
-0.76165264
-0.22108545
0.32453939
-0.67651254
-0.42408680
1.21472203
0.20442484
0.74039342
1.85976625
-1.01032197
-0.27080209
-1.26895388
0.42398801
2.67203700
0.36280457
-0.01212410
-0.80151776
0.25282997
1.52983638
1.80307670
0.05263148
-1.51871052
-0.92769876
0.14597468
0.80421912
-1.90834174
-1.54025095
-0.39254675
0.45706222
-0.20439683
-0.30794640
1.73440225
2.88488439
-0.96721617
0.58828585
0.14618420
-1.84849623
-0.51964511
-0.63783898
-0.50996578
-0.56850511
1.20151208
0.09399874
-1.32518846
1.20994613
-0.23843170
0.34363063
1.23623347
-0.04481745
-0.35522793
0.47272631
0.37122574
0.81244858
