5.47249242
3.24319138
5.73093042
1.63395989
4.17742433
4.98843401
3.39516599
9.01294366
7.36111179
5.89764884
3.21202044
5.03694457
3.19932450
4.33636706
3.15375234
7.09808608
6.71737279
6.22251585
5.87095427
3.20663493
6.82835396
5.71644083
4.29345373
6.32030951
1.23764904
4.65460446
2.61293554
8.83888329
7.29420519
5.20542767
4.15657220
5.03103620
8.45405984
4.02549614
6.70537183
5.84436910
9.07407251
2.44068157
3.89496194
2.62516200
3.89654438
6.24529880
4.06105807
4.98764217
3.12476254
5.54582029
4.08229301
3.47249252
4.99267495
4.78683019
1.20575382
5.80355647
2.66505801
7.80522483
4.41281019
4.10627304
5.60933322
-0.75573630
5.47876895
7.01546073
1.39178498
5.92294248
2.84555539
3.24790055
3.16025773
9.05030583
4.45967310
6.66483825
4.67231398
6.31748414
5.67221235
8.87263974
4.39746848
4.19747736
5.05621018
6.03177082
7.16695843
6.56256632
7.15086931
5.69851776
4.94520580
5.43572642
3.02699069
5.79463371
4.10598924
5.78285881
4.40937562
5.18869404
3.90918300
3.37966146
8.77333697
5.56850271
7.86236915
6.96216062
3.86420774
4.13148135
6.24051732
4.30075853
5.46469072
6.27172244
7.06210412
4.28986968
7.29271720
3.82142455
6.24965661
5.32590038
6.26323736
3.90609183
1.19607635
5.85846074
2.17502712
1.78911900
7.76921424
4.91856341
5.70530100
5.40788748
5.79608336
5.15274131
3.78897643
4.65542607
6.02115836
3.87836616
7.66227880
4.86553245
2.89044523
2.59398940
5.65820675
4.23411646
7.07865854
5.67296920
4.62522671
3.22364033
6.76943715
1.57401499
2.51640477
7.46748205
5.64147586
7.15976461
5.47225881
6.87508307
1.37773672
6.18601830
5.50889558
6.01209693
4.03726365
4.86994173
4.43336870
7.03763793
5.24132979
3.03330677
4.61810963
5.63473245
4.86196179
3.67494500
4.17605728
4.95281105
6.82241494
4.36241080
6.42279786
5.89817460
5.91293763
2.45765661
5.71240675
6.39558678
5.37180562
2.48550108
4.92049362
1.01464565
7.77554517
5.88157296
8.72016876
7.66601390
11.20593989
1.82423718
4.53313013
4.25939613
3.68261525
6.95576562
9.30939146
5.37223304
3.00645841
6.36005925
2.18838993
7.60664731
7.78298563
6.58077141
3.79079913
2.55610550
5.46999708
4.11042306
5.92585110
3.79083718
4.04217080
1.01172357
2.89176544
-0.05053423
4.79531709
5.98082886
2.03829706
4.31084230
6.53833342
4.41654943
9.80231430
4.49439726
4.38394826
4.05434211
1.90095842
3.87642659
3.28451845
5.71201681
2.94091763
0.48581623
2.16830804
6.40246173
5.95281737
4.56132401
5.65840654
4.35824424
3.31640404
5.67978980
4.97938211
3.52461077
4.77006095
1.72331678
4.74859062
4.19714542
2.92185530
1.17908127
2.80809731
4.49961254
5.80370054
4.62703741
1.96342117
4.76770618
7.17624298
4.55926427
3.44770221
8.15557191
2.84075618
3.62409790
3.57371995
8.64502789
7.02442577
5.26198678
2.14865577
7.01730535
7.05340111
1.51601057
4.78092033
5.77261887
5.14090775
8.99251397
3.16820638
5.15481183
6.33509044
2.27673148
3.63439636
6.32771387
4.91777102
3.61475901
1.46605792
5.75061622
7.06565731
2.17817420
1.62860744
5.40665394
3.48145685
8.74464322
5.49213146
3.92083841
7.02133695
2.73549803
2.31021187
6.59371009
7.90390680
6.80765687
7.92247143
5.71448053
4.83570924
7.47473407
3.93668306
4.40934520
5.38365199
5.08112980
6.32394721
5.39715989
7.29206519
2.20523572
3.97309685
8.29948114
5.39239860
3.70071188
5.38802868
3.02123516
3.98100290
8.28749374
6.54480847
6.38006918
5.75875724
2.37601623
6.11366210
2.90669841
4.81739359
3.89746995
3.92045150
7.47561521
7.75645158
6.11618863
4.70976648
4.48769839
5.89516447
4.55253915
5.16263724
8.15704189
7.33800549
6.64152562
6.29758889
3.94242985
4.09650302
2.49384523
5.10569072
3.60659579
6.71767989
7.28224124
0.56494868
1.64761909
7.23704553
8.59471015
-0.12259917
2.40168300
8.24686245
2.95370073
4.39213590
2.18935651
8.76564675
3.54115006
7.73001804
6.35892850
3.79701156
7.87504250
2.58609637
3.95243554
2.78716652
6.45857774
1.38308282
0.90282082
7.54101667
7.00006262
5.38970229
0.29959243
7.03630805
6.56989856
5.62737794
6.39475902
5.36738116
3.09863974
3.15490247
5.60906898
2.52672050
6.72433931
2.01554176
3.23000314
6.05748451
8.42570361
6.34980924
7.29593436
4.57533639
6.57815203
2.02509378
1.99816027
5.08272379
5.64706555
2.61430110
3.08904982
2.70389633
6.09313125
1.65323295
3.96735575
4.99047985
9.28274644
7.49517256
5.27141230
4.98641449
4.76018076
4.74616500
4.66508103
3.87139879
8.61577665
5.56664250
4.80086476
3.51573613
3.67574132
6.10223008
6.40153529
4.41140659
4.09510994
6.93330079
-0.55388688
10.68219709
5.22946419
6.30719896
4.23285382
6.00300615
4.50784921
4.48787512
3.88668936
6.08693657
2.23655777
2.30845665
5.66947131
9.26537193
5.41135063
9.11287020
4.36429033
4.45019693
6.90610461
5.69849198
6.38713555
5.33166979
5.16930792
6.10255515
4.50858788
2.99322896
5.60177861
6.45300714
4.60115981
4.19579519
4.92560227
5.27334855
5.65787771
4.79229164
2.40545787
3.83546977
3.50595384
3.46485671
7.30078561
4.70921019
4.79962379
4.39128667
3.16960555
5.71875568
6.52004250
6.67292130
5.15310982
8.48675547
1.52095969
7.05386373
5.76117796
4.04499359
5.87108980
7.00111212
5.40158187
6.41401219
3.21235657
4.40010773
6.30675110
6.93016351
4.55413859
2.89115114
2.20340524
3.57329208
3.97803411
5.06796342
5.22753673
3.43215337
6.12715257
7.12673258
0.56450219
2.75279328
8.76465168
5.34702294
4.31363433
0.96058544
5.98640972
8.55825332
6.99047260
4.07806600
4.77722340
0.02083689
4.67454273
5.30161901
4.46769810
9.29468957
9.12918499
2.06691852
9.59475126
5.87303142
4.76343481
6.78695855
4.36167397
2.62360189
4.74694385
5.76647467
-0.74464351
4.69157472
6.25831138
5.84035076
6.26771870
7.05118063
5.30518148
6.30919313
5.77766157
5.92502440
5.18769753
5.33401464
4.80876234
4.09086267
4.53609548
4.53387127
4.46169241
3.82109034
5.51442134
1.06046140
5.66203971
2.59787548
4.75884984
6.48718727
7.81295052
4.26021219
5.01808517
3.77748754
4.44463622
3.61108164
5.55443442
7.87507369
4.41951372
5.35928984
5.39704112
3.62983920
5.17493321
3.80512678
3.55348734
3.73020932
5.62907689
5.81587781
3.87344925
3.60357069
7.91683389
5.17997963
3.10404509
4.96416046
6.87752301
2.32999419
7.43902263
5.11475237
6.57395762
6.50884519
7.61040708
4.09077679
9.95725067
4.07036270
4.76348224
6.48663602
8.58443447
5.38836948
5.41156902
0.23277770
4.56367175
5.43005348
4.63908040
-0.23116443
4.55968148
6.44470675
3.43552383
4.59070824
3.38708513
7.01365056
6.40030271
3.33336088
5.09080198
5.96228159
5.08662622
6.55475246
2.62342489
2.93781408
2.59736364
6.88052352
3.45497205
3.02577192
5.20657264
5.63894961
7.13002963
6.69653319
4.92094336
5.41180963
3.15536027
8.02609595
2.00407566
6.25569982
3.11001974
6.82231395
3.50085805
4.95054315
1.90459269
6.37604236
5.20867028
6.47814133
9.64241203
3.38245056
5.77764064
5.38192329
1.47195195
3.58547114
7.60445379
7.51370781
5.27211565
1.86998892
5.46084971
8.45392995
4.52995271
3.90380425
2.41053563
3.01177039
5.86543402
0.70699472
9.45734081
0.65100121
2.51861249
5.54105664
2.06417170
6.81954330
6.42146802
8.76661834
6.93329738
2.51804064
4.34861132
5.46501230
8.96697402
4.76764470
2.83131545
7.49564231
1.18617348
4.58233476
6.79062124
5.07359332
2.62977048
7.55790497
3.97412575
1.62633230
0.95875001
4.23958491
6.93405122
7.07556780
7.10370634
2.05381665
5.01290807
5.92158280
4.45199976
4.62552569
3.05938002
5.06866037
4.54535422
0.06857208
6.83065746
6.60922762
4.94771276
2.12914834
3.42872318
6.31035501
6.86178906
4.01358635
8.34207862
1.77075935
3.97865342
3.40784046
0.70514142
7.67774274
5.25640714
6.93805237
6.30254393
3.66482896
8.44017292
5.13702531
2.48042318
8.05910914
1.98854767
3.40754671
6.71601756
3.10440851
0.54251184
4.08684958
1.33376330
4.91117815
6.21024693
4.96804789
4.46019533
5.86060919
4.34460045
8.37949487
4.18045226
1.77657791
6.47480536
7.48079334
7.73813807
3.51042985
1.70285418
3.08367284
2.26080851
9.15414457
2.79455553
0.54577718
6.90626990
2.21448860
4.22628333
6.14339929
3.76357707
3.36726743
2.11982067
7.04356559
3.88835822
7.03171270
3.26969545
3.10240955
5.72996030
4.62192142
4.43619346
5.62461812
5.45488086
2.24901203
5.22487235
4.08896457
4.80813660
5.76177990
4.02550023
6.88871172
6.03689791
6.97158994
6.50350666
6.81457157
3.60074235
3.63944839
6.69352687
1.91340506
5.23481426
2.20284954
7.91055972
3.94075920
5.56477363
2.61699596
4.02724173
1.97965767
7.36277006
2.63971823
6.57262417
3.40174178
6.22129283
6.94821131
4.39197016
7.55722153
0.48514488
1.62624760
5.34187376
8.33746560
3.35586815
-1.39881182
5.28016826
4.51679375
4.35668687
5.59306151
7.17691980
2.76834655
6.23381054
5.34668018
5.43270654
6.85374352
7.68892776
3.17963096
6.05111424
6.75250735
5.75398070
3.93920183
4.61299846
4.13128879
2.93038416
5.04939700
6.15702494
7.85298339
4.07061811
4.00887420
3.67111817
4.98231186
6.61412902
3.57006638
3.95673878
5.32345746
5.35994618
7.22645247
8.41807336
2.83523680
3.40019293
5.12141458
2.79604395
3.30845567
5.29478521
8.46936401
1.92769711
5.41664175
2.54514010
4.59664571
5.15383649
6.05621545
6.24311648
4.39539465
4.26149130
5.00295205
3.55730154
3.22078203
4.77757509
4.49787616
4.44176272
7.05271683
6.85474931
5.54575752
2.82605779
4.13396024
4.16242263
9.51808887
3.70750880
4.13620692
5.23040558
7.45976879
2.58642546
5.01235561
6.18462750
7.29101977
7.07197807
5.59492623
5.97689164
1.17824527
5.64770815
8.56988160
4.75764548
3.84870765
6.61998249
6.01905361
3.35794904
3.13007971
7.80015692
4.73756352
7.26015245
5.40130633
3.94357551
4.68280963
4.12006859
7.75154894
6.33282693
3.11613143
4.21080468
4.35076677
6.54966663
3.63918849
5.04910244
3.74721257
6.23543821
4.17894670
3.76563214
5.35626528
7.10520156
2.59654853
9.55024417
7.45268608
4.17860564
2.99590992
3.95744501
4.07802912
4.48458606
0.42328033
5.43774336
7.18869299
2.86102104
4.39834275
3.47609621
9.36013664
4.20732319
4.60915159
6.30937643
4.63201769
8.40570654
3.62033219
1.80830360
2.23730864
3.73479706
0.58212978
4.81374391
3.02450672
8.61294409
2.73601414
5.85422862
4.94343074
8.42539353
6.43755663
3.66536106
4.89480483
3.29368957
4.40909475
4.59022412
6.16932368
6.23241356
3.92991972
2.31526798
6.43691383
5.13456593
4.43931281
5.43990837
3.99478632
5.72211943
4.70648230
6.00596392
3.30601230
5.34136286
2.03352423
6.69301259
1.21786480
4.83127572
5.54067753
6.71342598
5.00432388
6.03928064
3.73775353
6.99509766
4.75760461
4.23508182
3.60623177
7.55095204
5.29319362
6.53006834
4.27443992
3.14878096
6.67918277
3.88203312
2.81310323
6.94004586
3.47797297
4.37453306
4.53977049
5.72903345
4.23833504
6.94371612
3.19534858
9.37902551
5.52455559
4.09501697
2.68051790
8.14182804
9.05043900
6.24043378
6.15915687
4.97535609
2.87256745
2.31256572
7.55313912
3.13120552
6.36899033
3.31119066
5.72281015
3.14569326
2.93972930
3.28573080
7.17669965
2.21798621
4.59549484
6.18871318
4.07812903
6.21486251
4.79728650
4.76651060
8.22574089
5.03069859
5.82759334
3.77854329
4.31570172
4.92491384
6.98565631
7.02052620
5.67398375
0.72496065
6.19052952
5.91757109
1.45288516
6.22647566
5.34163125
4.25507221
4.50701021
0.54631453
1.18243604
10.48432285
1.74388782
3.08462228
7.01611848
2.85634983
1.61112141
5.38673909
4.31548823
4.38275752
6.80186507
3.43889341
6.68059941
5.21321320
5.47869042
5.62485537
