0.67489380
1.56872524
0.86303577
0.40927795
-0.65360930
0.35111325
0.75649992
1.40696758
0.87182557
-1.32670422
1.33918758
1.31901296
0.53751510
1.06394846
0.85093995
0.48308378
-0.22557122
0.39884819
-0.13224141
-0.65833469
-0.82926643
-0.81486824
1.28114650
0.95562661
-0.67433233
-0.73848883
0.71652272
1.30765644
0.09822061
0.11505289
0.27555786
0.11837341
0.13869686
0.87021297
0.89749475
-0.52744897
0.98316158
-0.37806295
-0.11982777
0.60852487
0.72214729
1.30129190
-2.31243102
-1.88597808
0.01599576
-0.56391012
0.51712244
0.26892769
-0.91915087
0.46912660
-1.13137440
0.16712519
0.89873744
-1.18692146
-0.44704921
0.72761541
1.18737711
-0.89359161
0.54696143
0.85508541
0.27526178
-1.66561550
0.12265452
0.27208386
-0.70230101
-0.49738449
0.70007672
-0.68910470
0.41993779
-1.18110301
-1.57041196
1.28884076
-0.69704746
1.86237309
-1.57735236
0.76941435
1.27572274
-0.02875827
1.84178010
0.71649272
0.65101422
0.59188838
0.20471364
1.65139107
0.44165187
-1.01713592
1.08710313
0.30461576
-1.22726506
1.29462343
0.03336776
-1.00926893
0.12785920
-0.63622469
0.20871512
0.59490640
-0.00517674
0.04811258
-0.82250129
-0.54028271
