1.05772631
6.17396610
6.21517800
4.62557876
5.02751944
5.75842791
4.67433301
3.16725222
3.17454258
5.74972456
3.98348805
3.83210185
5.37676749
3.22413486
5.47689076
2.86039334
7.20126749
5.32438352
5.51576180
6.70072080
8.19730424
3.00571776
6.71188765
2.79323149
3.07305153
4.04192554
8.38399525
5.90102781
4.53569090
6.65970611
5.40267670
6.24879851
6.55329422
5.53815092
4.72170354
2.88475631
4.49728333
3.47422046
3.76272920
4.08319617
2.21741782
4.93021288
1.73782990
5.35078663
-0.06094109
5.98340528
5.76162185
2.28889697
3.59324669
3.08656321
4.47988182
6.26883585
3.79169798
7.12976043
6.30566210
6.67779510
5.62515427
5.72150440
6.30790642
5.39271505
6.38241450
5.80416914
5.76405530
6.28762115
7.23472269
5.45219911
4.86403194
4.84319966
5.67901902
4.13816796
1.58710589
8.16106886
1.93814784
4.07600920
4.43034231
5.36846877
2.36523198
2.96676047
5.02424251
7.99017107
6.77436588
2.16222141
6.71257797
7.08349778
4.82987187
2.91964636
-0.94364038
2.68557964
5.08384908
8.59107356
4.07890955
6.22859813
5.03468764
6.50998612
7.00569831
5.78782831
1.74981524
0.68888466
5.70193257
4.48787897
