8.48850963
-1.02319767
6.88697546
7.57718575
-2.53379116
9.32702214
6.84723898
15.36639135
-4.84957707
4.36191140
-0.79901778
1.33088722
10.09168806
13.67676107
8.09584461
-12.22447169
0.67803666
15.35492910
11.36853763
-3.68618541
19.86806125
-6.48667774
8.66847685
4.31638652
11.63625730
9.24327742
2.57924510
8.71035698
-8.15333874
5.23715081
18.13080712
0.71160995
-1.78883148
4.64802326
-2.76689592
20.33503832
3.53224161
1.71369604
17.54578778
-7.11995715
-4.66189482
16.84280436
-14.73744267
11.22738436
29.92224451
4.96597504
10.77679751
3.62578556
4.76280068
22.87082323
13.17202084
9.31275995
-0.92981740
6.65407505
-5.25458866
-0.94622579
10.63913348
3.36146932
-5.03664591
12.84133606
7.56119121
9.87150908
25.10916177
-1.65438872
22.82700399
-8.87365564
0.12730657
-19.36481506
13.80101288
0.51558364
1.32712390
21.80001773
1.34343516
17.12117250
11.55735124
11.69070905
5.04000356
14.58728157
30.53276440
-18.98786116
4.79415027
4.79555796
11.05633606
0.10039861
-1.07847844
2.54027417
-6.52500114
0.02786578
1.98057402
16.17658524
0.41071406
-3.88630466
-0.27348881
6.55622906
-1.66519254
11.55878644
-6.24694078
11.41063519
-5.83896656
19.85467632
-0.18459144
-14.68616566
3.66229498
11.34590705
4.53732206
4.22785292
22.97031625
-6.18153890
7.74825210
11.09146077
6.31883324
12.32775884
12.02878331
-1.75661775
-4.43894635
14.07413388
19.45755446
15.11230229
4.72247998
22.95855729
13.47140406
11.86190460
5.00435565
2.04921419
-3.85711557
13.34824201
4.06733591
9.66898996
20.83317740
10.57154523
10.36142574
10.43798743
38.58342144
11.87668065
5.23061244
17.91859656
2.97227386
6.60241449
-7.96258970
4.98049037
15.16708393
22.05893698
2.14416716
21.88118944
7.75229931
6.23085993
11.48767888
13.61928491
-0.14856955
8.99845953
8.25233465
23.53619909
-2.52597536
-3.22799125
8.00234011
-5.16512014
4.95214511
17.89226774
4.97615627
-6.89559596
-2.18847133
5.11606110
7.48594225
4.75218864
5.77133368
-7.92120277
8.08488081
0.63821193
7.67938687
3.12496520
-5.74543764
15.75573720
16.37336465
19.87683740
10.32402810
11.88043651
6.18244549
3.57433887
31.03288093
6.68352700
17.30796978
14.17817467
22.17880037
8.63839213
-4.90016999
2.84245523
-7.16032667
0.25962637
12.49666133
18.00415345
-1.78813113
-0.65725670
11.08836460
1.12790818
-0.09264485
12.15617251
-3.08628655
4.53954344
24.23077345
-3.50906790
20.72794399
3.85535227
1.32535243
13.66924812
-11.43571801
-4.94619919
-5.14153775
2.51077581
-7.45861091
6.37330312
9.38460480
-10.61264755
5.71118595
2.46578333
11.62673074
-0.73336838
5.15318455
2.77514935
6.17000322
-5.14735671
8.13043352
19.19383579
12.38390793
-5.82882222
17.04472915
4.20540323
6.30507763
10.82005301
9.82270201
7.09365840
8.51993790
7.17399246
5.42684005
16.16857588
0.23243600
0.94407526
11.10721557
13.61828737
10.14407103
-4.77424885
3.22400365
-0.39902978
-4.88166969
15.52383722
3.45283569
27.47565614
19.89683619
15.88448205
21.97305710
-7.46782964
9.30496496
-11.02758297
9.41335063
10.05756407
12.70767639
-5.19727965
22.57276400
5.23488914
15.23846644
10.26217057
10.00677090
-4.92684489
14.18459250
11.93075452
-17.01142547
12.61177168
-3.46101475
-27.25958131
5.55301596
29.46954858
4.87014192
12.92397259
-2.10577816
10.49538955
2.85960546
12.51770796
4.85144716
17.77340201
-3.33876432
2.96572818
2.28648580
2.43804877
1.56085729
1.07821974
2.61348273
-10.08232739
10.41877783
9.88285328
1.35679603
9.73592219
4.18102707
7.61851883
13.20839444
8.21868539
22.53601620
30.69423658
10.57226718
2.46922251
-0.13775954
28.69517046
6.20633178
21.17186889
-1.72556709
1.97716228
-3.06731066
5.78605485
0.85995037
14.95646731
15.35369214
12.28471135
13.27313148
2.36634621
27.49663599
7.41587036
-7.74593278
5.05952624
16.57902392
14.33019849
5.08658414
16.70136062
-0.84976657
16.38030752
2.53524787
27.08638665
17.86979804
7.62833809
5.05826885
3.82883964
4.82084801
13.00247351
16.68223027
6.38159387
4.51537165
-3.97799717
3.14315706
14.22747924
15.92919280
12.05438729
-13.84113840
-12.56845350
3.64851004
-2.24056717
22.23036456
-8.07748412
-2.18663531
12.59419645
4.95756791
3.29336202
-6.93759924
24.10854848
8.07750924
-8.66545753
21.93637172
7.47726651
14.66954727
7.40003739
21.03637141
15.87716647
12.13119183
10.11720748
2.25749484
23.21046077
-5.14656571
19.79173006
25.94169917
9.05936481
13.99511456
1.56593350
15.06601701
24.11061666
4.97713283
13.59637419
2.46798860
10.36041744
16.30095699
4.35887604
-14.75224377
7.31578222
0.54865743
6.73642803
2.89996747
-10.61452504
3.06096931
16.23476719
-17.18664119
8.20496985
3.20709510
13.16235614
8.98562096
-0.24175219
5.63234903
6.41498511
8.81037233
17.07614135
17.16757011
-14.74750446
5.59888539
6.21171205
9.53452993
8.74992673
13.52958327
3.62552100
9.75497007
1.51958163
8.17008185
1.99886130
19.55821605
15.31053988
5.99971676
0.51984343
21.02767877
18.49699235
2.85302896
18.73170176
7.63521846
-2.79310061
-5.35089005
1.18428826
19.33542209
21.73079780
3.24685327
13.61168612
8.71862285
21.28951228
6.55504870
15.15570132
3.32829854
-7.31196839
-13.28667238
17.07800970
15.08775465
11.32826837
2.20445925
3.42757874
20.35023358
20.27717603
13.81112281
2.53543871
16.41755343
17.53594533
6.34151092
6.80745544
-4.17267952
2.80561882
20.93698336
3.46406267
16.38373535
3.09253837
-12.91621303
-3.68979606
-1.87823585
10.57282616
3.69184849
20.76537366
3.77538407
8.52669939
-5.21051815
31.32184417
3.14042446
0.84363492
5.02057414
-6.86327669
0.04164982
-11.07742296
-4.41374418
22.98571297
8.53249503
4.09344713
-5.81447354
3.04906573
25.42115914
8.41202209
16.57245201
14.35428871
7.56113236
0.58228837
-2.33712615
8.43253650
-5.61690033
9.24558450
3.76451849
0.17517353
-5.91892635
-2.48951481
6.31091753
-7.14205908
27.16477285
13.55145895
1.91712988
-2.46770039
2.17808068
13.46616975
5.76642986
-5.62302475
5.65494601
5.63386888
-6.79067400
29.82211282
12.76700050
8.25429142
3.98391231
13.76321448
0.63567006
0.09675912
3.70852819
0.73500698
-0.80916573
1.49136691
10.44229263
10.99826966
2.69843413
4.41593852
5.44816798
-2.91235990
-1.36503596
-0.06610703
6.44253013
20.79996863
12.80725574
18.33470394
8.80219724
16.68699922
-14.27751424
5.23300396
-5.59025475
22.86254760
8.43690696
12.57914053
18.17895610
-3.90468901
6.27124769
25.07549990
-13.43877397
15.31471221
7.53021226
4.86020944
10.53850286
17.91262792
30.56320381
-7.80970082
-7.95504327
13.44410585
16.11559303
10.39688640
15.04638993
4.32635920
6.13243716
19.72143057
-7.08975806
19.01974287
7.94382231
-2.76260650
-5.05370568
8.16955215
0.39994039
13.71205026
-3.02842612
-5.81562514
-1.17992327
10.07123732
15.55205586
-2.71477341
7.66188752
5.89551648
14.45404015
21.61663508
-11.75271261
25.26013082
13.70156542
20.40941867
25.60075870
-0.71146591
4.49600304
14.26103975
-2.40946535
22.82312759
9.03544305
14.46492332
14.50661848
22.23160984
7.59748412
34.11788322
2.95999551
-2.14584657
-2.17336823
-0.71998502
26.88821581
-3.02854413
21.80458956
12.27589112
11.39833402
-1.41477949
0.35723358
-5.08603387
-0.56926617
14.13564352
14.86477049
26.34533013
17.04379620
0.70520903
2.72909511
2.09088518
-2.95364450
8.30156765
7.83066203
2.82470959
-1.19370476
16.64176341
0.13983704
16.51366714
5.02894630
15.54282061
6.64971824
-24.03493966
6.60250371
4.83886009
2.12941544
15.35621376
8.19977820
10.22427920
12.45021388
2.77822125
13.21603312
-6.03047319
3.31622211
5.65025330
7.73588388
16.32379846
3.87752662
10.14145562
15.41194066
2.57490042
3.75527474
-4.55181156
21.07649582
6.09369028
0.08029776
15.95413985
11.08972290
2.60040502
23.39694171
5.73648498
17.14857537
-2.50244957
5.54324199
-11.99655497
35.45872731
12.70186659
17.66629123
19.86024454
29.58775879
2.38897428
5.25373614
1.81171762
0.23005096
18.87075642
-0.19596961
9.38734526
6.63943408
6.87601714
16.47050139
10.84209524
14.57320219
8.65146769
-1.50152142
13.26546147
-0.83699700
12.25738907
-5.74953115
17.08469303
20.31209898
7.45054554
-8.46840128
1.72727251
-1.92207542
6.84144246
6.59104036
-2.34681801
-7.97783993
1.11478430
8.80493407
-3.94178491
7.00350856
20.11567892
-2.36645479
19.96507458
17.08539556
7.08922742
-14.00861687
10.77968315
-1.75157202
16.31810993
5.63478393
22.28940390
9.48408026
-1.52096444
18.78271197
12.35952704
2.82026180
10.79504598
27.33905204
0.64939081
20.78835064
16.64381461
33.76467169
-0.51132561
20.30873282
13.83276027
-3.16945756
11.47502185
1.93985149
13.04154275
24.04760611
8.43837081
8.47154031
14.36774319
9.01941812
-3.82939764
-2.04792640
18.19845451
6.49799372
-1.42457987
-1.09008978
-5.54204876
20.87225051
3.88478602
6.34578262
4.43119893
5.85800133
5.99690185
-1.63409843
-4.70683774
3.17565100
3.63660506
19.49313149
1.24078181
-2.58887936
26.37803889
19.79363203
-20.88071371
15.61806890
-9.09384817
-11.45805876
-0.60039013
8.10489944
2.61841192
13.84376344
25.97610016
-9.73942702
4.41437394
3.35414122
9.46410003
5.76895301
-11.55715358
20.54931375
17.06163946
22.77469407
9.86897155
14.54401534
14.58150757
16.49780941
10.07273636
11.34637200
-7.23402902
2.43265715
14.91688382
6.24439387
4.04468308
5.75559119
13.07725956
11.06576822
-6.22473138
-8.14396534
-2.33245873
2.91745072
13.21766462
2.97332571
0.93991441
-11.32958780
7.61870578
11.46734316
-1.98513858
16.99903878
6.54236706
-11.26266103
5.84586426
-4.25040121
10.17459601
7.07293533
11.90562222
-8.76799651
5.38199285
-10.38027448
-12.74977005
5.66404097
11.67203513
17.73703200
9.08544397
12.22398272
-7.57020483
-0.68326245
11.31199185
15.73664023
13.71364643
4.75123544
-1.72862542
6.11175911
10.89185542
-2.24214865
-13.01271484
6.16841743
9.53908082
2.11455288
0.38817984
19.46743838
8.08461669
11.89951389
15.31370382
-4.74663272
24.24510903
5.29075346
11.21607458
4.21303886
24.39917560
6.38472348
7.12884287
-12.32782200
3.78087752
11.16117652
19.55966405
12.29127536
5.39311346
-2.45440991
-15.03899705
-2.28423298
12.53638160
15.55998294
13.51912250
-2.24720540
3.46250353
-15.38110122
4.05964599
16.70900678
17.87791902
5.77149558
3.06330848
14.37416914
10.50319427
6.56197161
-14.13907814
5.74223072
-17.34178819
-1.29418671
23.82093280
6.99778058
19.15526451
3.34079949
-0.65398962
25.07714846
16.39994056
7.57443407
13.66829856
12.21128201
4.24965087
-7.77998369
7.98309719
-0.53874499
-2.89575532
-3.75263517
2.49163933
6.51540887
7.75128664
-0.77156553
11.09137348
7.89578663
15.57589210
15.70515553
-12.15888312
0.89929097
1.17006041
25.99705229
21.48096097
-0.09712132
11.59184656
7.65255439
28.07609924
2.47697366
-3.27247647
10.97725122
-3.14829177
7.84434663
26.84672051
2.17136649
3.25886540
19.36739486
-1.20260451
11.46233969
-4.98279199
1.62411561
-13.25397362
4.76619986
-0.15329280
17.10708261
11.37653002
4.16370152
-1.64748108
-5.70848819
7.00922944
3.13251144
13.38591715
-21.70905263
-4.31404560
8.37658679
-10.94944543
-6.11133760
18.54231815
3.98901118
20.17412334
-8.43950093
9.30541145
10.63644992
9.73431280
8.49957178
5.88138891
7.22521932
11.05641056
9.28659868
3.05529322
15.31523118
14.09212273
6.25443245
0.78141503
-2.05359043
1.99808664
6.16768933
5.37322976
1.10270163
9.81542147
3.49999598
21.84723974
7.01534301
22.39990038
15.56049144
17.85374276
5.80418238
1.72572626
-0.18280676
0.43210755
0.15949805
4.76966531
13.23318884
4.37863624
17.22540572
-1.80798284
21.47085432
7.30608969
23.46928960
1.54294755
12.24200973
-14.55985101
30.20043912
32.92180681
3.93802664
25.84024749
-5.24184369
-0.41053825
9.68427791
-2.30685777
5.57249195
-3.66713711
0.60383766
7.24605824
7.82450288
-2.61247853
15.67489777
-2.89459246
5.63894171
12.78630272
7.25696655
20.29375313
19.43663087
8.16308495
13.60507904
6.81622017
12.48178268
16.72586232
22.38050442
12.43559338
7.00395910
-19.09103105
4.45737055
19.35667472
5.13630024
13.56499922
2.66888185
9.95018653
4.83896508
19.39989924
0.54364829
27.01967194
