11.09973736
1.39992947
10.47137832
5.88809137
0.29223209
-0.43227489
7.77679942
6.89039348
-0.85542989
-3.95244577
0.36014347
2.51855365
1.08232109
-5.15662611
3.15201652
-2.86241349
-10.61821930
-8.56960306
1.35324456
-0.90575172
-2.97144747
-0.51401412
3.75857827
2.01009531
3.62760653
-1.93253974
-8.00006771
0.81402348
-6.08151561
7.51356789
2.65657237
-4.08627597
7.07571245
-1.17134135
2.29398147
7.48689190
4.38351333
-2.27835642
0.51718197
2.41059061
5.13357196
-4.03697460
3.81635719
0.46409897
2.79451041
-0.58109601
0.53336634
-0.56088478
1.51937697
-3.62839249
1.26449386
-1.58263160
-5.88145637
-2.49744218
-7.87262586
-0.56449802
-2.20285279
-4.56371923
3.28573584
-3.82884979
5.75122783
1.30346760
10.51005025
-3.14413391
7.79777309
8.82749273
-6.28355074
0.08516092
-5.09671955
2.24170640
0.20353800
2.34104880
-2.20478947
4.22220220
5.94393114
-1.36940437
3.08149594
1.16639009
1.81902069
2.19901104
2.99793145
-15.52681914
-1.27734409
1.87045003
2.77180649
1.93502951
1.78015422
-10.03296169
-6.67421840
0.76877178
-2.15355789
-9.19236242
10.75620405
-7.73264736
2.68577976
-2.31195890
-0.03311815
1.29119733
-4.30348889
-3.17434394
2.02930864
-1.38361617
1.54616140
-0.15622864
-4.47309792
2.30818071
9.73776907
3.24392933
-4.16674176
1.71177029
-1.92983860
5.90248019
7.45069796
-1.33209892
-6.51617588
-2.88889944
-4.75217674
-0.98350403
-3.00972877
6.73553280
-4.84903580
4.86840888
5.35507192
-1.96570097
-7.38759254
2.44473983
2.07241259
1.61040806
3.72597158
8.21819039
11.91073591
-6.07228791
-6.70827069
5.64353751
4.47314900
5.00638888
7.91378009
9.70966089
5.79078056
5.83978754
3.80674681
-1.97893991
-3.43560310
-4.08511546
-5.58824418
6.54152928
-1.73622789
-14.33683772
-0.00786573
-0.43040968
8.79969345
2.49808970
-1.92972729
-0.00529996
6.20225418
8.05083063
7.38309263
-0.33843735
-2.70564233
3.77045116
0.93034503
3.77806047
5.06350563
2.31636141
2.25920486
3.43752172
5.97705209
6.61961710
3.19295964
4.32955563
1.87800905
-2.33315399
0.75945918
4.56111252
-1.41353123
4.93995031
-0.52404803
0.82571565
-3.58409813
-2.95913253
5.41459796
3.22942468
-10.01766465
5.50618127
-0.52982991
0.78835219
-4.96979692
-7.06961176
2.45469844
-9.22779854
-8.04584153
7.33136668
-1.35254421
7.59956029
1.75324172
7.23010467
7.97741964
10.47575780
4.29888395
-1.36309221
0.12550863
7.18533305
0.01624218
4.41877924
-5.47990887
-4.98327424
-2.64747128
-0.81562079
5.39044729
9.15061649
4.70496895
-2.86967309
-0.25024716
4.77568094
1.14046985
-4.48936575
5.88193228
-6.68924423
-5.59234129
-8.93999412
-2.87576533
1.63485082
9.92756527
2.20078871
3.78260438
6.12203042
-0.84687167
9.42021749
-3.21939012
-7.40911377
-3.57778735
5.06060074
3.31040473
-2.79504720
-2.16921913
1.44625127
0.90313380
2.13930920
7.45616930
3.26595143
2.38231141
-1.42315131
-3.03633172
4.98442811
-8.79317720
7.45734253
5.39916966
0.51811473
9.07301212
0.00992346
0.72354139
-1.92154292
1.20652850
1.00900505
-1.64329411
-1.66876308
-2.46944868
3.96262949
4.72380319
2.47053107
-0.50292612
5.33104443
3.31940251
3.59125888
4.78028859
-2.01359450
6.59609397
-5.39174396
-0.41147688
5.07654313
0.69228175
1.76097830
3.64623726
-1.36739415
-0.43317241
-1.54480167
0.53259482
2.57007368
-7.14918939
0.84866014
2.71044446
1.78651487
-3.27057102
-1.68804169
4.38124212
3.64552366
2.73564099
13.11705162
-0.89094275
2.58437576
-4.59651442
1.56903316
1.06217411
1.46489427
-0.05893991
-4.51446191
1.47362895
7.75897089
-4.01005789
7.55346056
-10.89101097
-1.79324456
-13.90756059
-2.34523307
7.00724817
1.64834165
-3.36018264
4.35178861
0.48596095
0.50833505
0.64085651
-2.40084952
-2.30297210
-1.99134600
-0.45390123
0.64022331
2.55994695
3.64782628
-4.10533550
-0.78096891
4.92571372
5.38711552
5.29087466
5.29648925
0.65206211
-0.83904825
-2.71023813
1.40313360
4.13079090
-5.22606561
4.48410441
6.37941858
3.50271886
0.58723318
-4.63922572
6.09822652
-7.80442521
7.27302664
3.70653291
3.29734568
4.21498248
7.51581251
0.48001353
2.55370202
1.02547514
1.51255306
-5.08136412
-5.10535360
7.06662215
0.47726992
5.42826285
6.49138530
-4.76701684
5.80158278
1.19614956
-3.60912939
-2.28338885
2.47938128
0.69771493
1.24527205
2.53133290
3.99057885
0.47459856
10.09988438
8.48928750
-0.84384902
0.01215591
8.38652399
14.93526102
5.04285670
3.63996022
-4.60032636
8.69546607
0.20210234
-0.99583907
-1.13971230
0.09086464
6.80264947
0.45019144
0.48940868
-0.89905886
-11.17233876
6.80986283
2.07538434
1.61505558
1.16879274
16.54361902
-5.84295219
6.53683131
-0.07454480
0.01241634
1.15390590
-4.16641419
-1.34515974
3.51091533
-5.15466230
3.52126694
-1.39974922
1.77309291
-5.14968757
3.08580038
4.86227002
3.18506479
13.56312573
-2.93607834
8.08312318
4.63521299
2.37251851
1.32054118
2.79994344
1.91722305
2.56813477
7.67019774
3.73857313
-1.82340628
5.88797354
-5.72123684
4.40617173
-3.00452410
2.43418228
11.83621996
-6.48927898
-0.03645550
1.32009670
1.97439659
7.68063027
-0.07621882
16.48364415
-2.27171730
3.03615000
-5.51522568
2.20976687
6.36419370
-2.83049725
4.26925258
1.57155026
-0.04556995
6.17586955
-3.34261046
-4.50743033
-9.82754123
-1.19475415
11.01937492
10.66626361
1.89450124
7.58708903
5.14024451
-1.11730123
1.21241173
-5.37218241
0.62224602
0.27760210
2.46555970
0.00296511
3.49661453
1.07462323
1.93927939
-3.58042980
1.29034015
5.80197948
-3.97268127
4.33084685
-3.33259855
-3.79242734
-7.83029218
3.82651628
3.21523646
11.35095071
1.92300260
5.89412464
-2.94493982
-0.80447466
5.00559486
-2.49461533
7.75623368
3.52666161
0.19050289
-7.28221184
-2.63713823
-8.08601144
8.76197311
-0.45013157
-3.40490808
1.95306458
-2.36916428
4.26787640
-5.79586040
-3.91947737
0.04576027
4.33233423
2.66119947
2.90071355
-9.15030440
12.06840214
10.13669766
11.47230006
7.94947030
2.42853794
2.01685186
1.16176351
1.41596945
7.16379801
3.87290394
2.11420695
3.92216470
7.30685587
4.71285183
0.31984266
6.30832582
2.89316536
5.36245834
4.88849982
6.57139375
6.15243900
-0.38495192
5.99096172
-5.82354694
-0.87407986
6.00595388
-5.85348799
-3.41109925
-3.22159808
3.89633709
-4.20029447
-4.55183186
4.77614778
-8.25729420
-1.73530506
3.15281838
5.71764563
-8.39157299
7.58286421
6.27514812
1.23543937
-3.80862266
2.02676975
-4.72218702
1.49300945
0.45775171
8.41301273
-4.45539619
4.26124352
-3.29646080
0.49915417
3.32499182
-3.95692387
-6.57480568
-0.05811993
-2.91363159
8.71064626
-2.60363131
1.38974283
-4.35700984
1.44227852
4.24415939
-3.79340253
-5.35058413
1.14939292
0.81606371
-6.83808628
5.87439122
2.52235376
0.41182586
4.61732520
2.61598838
1.86681585
-2.55867610
-7.71124364
5.08602553
10.59121181
-1.70605707
4.40192809
-0.52518814
-4.54419629
12.49639891
4.62944189
1.83550641
-0.16387991
1.35154262
4.00251549
-3.35918293
5.10796102
1.57608639
0.81169975
7.20684851
1.38321446
-5.57710968
6.62396092
-3.58636097
2.27978847
11.78901771
-1.93967148
-4.16261896
-1.67524226
-1.94539111
5.40453825
-0.24882797
3.68398630
-0.91752137
8.09010063
9.00706074
-1.54996138
7.55803673
-4.07863363
-0.93282602
1.93286359
5.40897005
-2.07332819
15.98647746
-3.82356306
2.56740178
-0.82714182
3.05551467
-5.83802846
5.07644953
2.57452945
-2.29746014
6.28937910
4.74856644
8.09868466
7.51599967
-0.10255680
-4.26500463
-5.06737766
-2.00796926
0.31658600
5.36037835
-4.24577726
-3.30540030
-6.25885090
-1.92797689
-2.36664929
1.31146950
5.55914679
4.72099598
10.40160443
7.66714096
-1.17972859
7.40759176
-2.68885397
-2.49927677
-0.89056716
-9.85895738
4.06036747
-1.14800085
6.92399165
-1.07782507
-1.00779248
3.10813099
6.23742395
7.14146628
-3.30022475
2.92143276
-4.39479234
-4.09981870
4.28194336
6.86588608
-11.87468782
-3.19578783
-2.27557407
-1.12492125
-1.17359400
3.95617906
1.05378411
-8.95018917
-1.39692135
-0.61269735
5.65965295
3.54596634
-3.19781822
-5.77369122
3.73623622
-2.29559702
10.76527299
8.43784495
-0.44759920
1.75052980
4.62707925
-8.24737736
-0.37543336
0.61265209
7.05399776
7.21080332
-0.43193168
-4.59397133
-0.35687207
-0.07231419
-2.70784735
-6.96734504
1.22403808
7.00395083
0.32971264
6.96809734
-1.43381272
0.23652427
-2.52689020
-0.52760441
7.32304538
7.56216256
7.30725436
-0.85774343
3.15158854
6.65570440
-0.26632571
-1.26178003
0.45047672
6.95326604
7.40957079
5.70839160
-4.35840385
3.41525735
-1.22946728
-8.06818531
7.79487873
7.94072103
3.36776620
-4.69758751
-8.06531976
0.72603834
6.37955319
1.33247094
4.20883772
-0.97698661
5.76336751
8.60849708
2.63083120
-0.54873405
9.09719940
8.31884545
5.20103811
-3.49654013
7.02854803
3.55833752
-1.85618194
-0.20998326
-9.14379844
-2.15596315
4.93016088
-3.47225192
-5.45862000
-0.48958288
-0.87149682
10.85475640
8.39463564
12.15059546
-0.13468820
3.81939381
13.76105764
5.04399718
7.43349608
-1.85008855
4.56489912
1.05027699
-7.13995209
6.71715022
10.39811760
3.70509512
-0.88267271
3.41637609
2.09688916
-9.10918677
2.74814402
-4.57542788
-3.66067048
-0.83792741
2.23131256
-0.07879388
8.07292338
-1.58047503
-4.54743281
-3.28578565
8.91844291
6.79916163
2.63454851
1.18517867
-0.76516127
1.58436210
-2.39143748
-3.46364737
2.30723792
5.26021189
0.08445249
-10.52885768
1.93044519
1.11297390
-3.41957729
2.25878948
-8.26029684
2.85542651
-3.16083012
3.03933084
1.31142785
-14.02532754
-0.57351329
-5.52181565
7.27080520
-0.68422245
0.42457580
3.23372273
9.38521647
6.84728675
-0.78467383
-4.58458949
-5.39669967
-2.29156158
-8.15936311
-4.70486777
-2.06848077
-6.91190921
2.70107720
-3.51741617
3.66393066
-5.45591145
-5.53506599
-8.91178849
3.52996123
-0.33792076
-4.61925893
2.00195468
2.99748008
2.47200560
3.05783583
-0.96914706
5.77329206
-0.14047570
-2.75713046
2.53038546
-3.53819796
1.46191578
8.79233312
-0.30296755
-5.51750308
-1.52828243
0.56791372
0.34640452
3.81977023
6.32556648
6.22759341
5.72588608
-3.45177541
2.81195115
4.19580998
4.39244714
5.49470473
-4.89187790
-0.57679945
0.62888041
9.50202852
1.80608969
3.99662433
10.11217156
4.20960761
-3.85201196
0.35934990
-7.35153513
4.81419454
-6.40512391
2.47287588
6.27974358
2.38972243
9.55314758
-4.57660547
-2.89042932
8.91378299
6.38477103
4.18054897
-2.58348921
-0.07079718
3.32650395
2.98920426
-3.22641251
-0.64635089
4.17265435
-0.18148528
2.47969280
-6.66944882
7.96787483
-6.93015605
2.80468652
-5.12466051
5.54699153
-2.23135148
-5.99542620
0.50466153
8.29312919
4.05747535
-1.60711764
6.51084445
7.37032459
-4.05244433
-2.18528175
0.72729861
-1.68755910
-3.54732783
7.55528873
-0.82604501
-1.36972063
5.29389171
-5.47451736
-9.05448585
-1.73193305
7.44904441
-3.64195347
0.68110760
-2.45569095
5.71034037
0.65245196
-3.62053601
6.99402515
-4.40157808
-2.18214567
-0.69556718
2.77042819
5.47529708
2.45361593
-2.26432496
1.47223432
8.60091315
-4.54258077
-8.33647850
2.15538028
-4.97628649
1.48787010
-3.99249779
-2.81275275
3.50338900
-6.24605503
-0.66003523
-1.45423076
-10.23264579
8.35693975
2.79640619
5.37342047
6.02961643
9.17472707
-15.05208604
3.90600912
4.80670061
0.12577120
-3.59170480
5.74674981
13.40512830
-0.54891019
2.10414645
0.86182578
-1.06408929
0.36435125
8.59678496
1.64301697
6.84317519
-1.25814917
-8.76031386
-6.71350267
0.65680097
4.73089438
2.15254058
-2.86375951
4.09507221
4.53589520
-4.06066911
-0.35694066
-6.53768612
-4.96761324
6.51351551
-3.64516300
4.61203154
-3.79374244
6.20101371
6.47426361
9.37679302
3.14251833
-0.85738886
7.47479902
3.89118669
-1.99866282
-3.37964984
1.49221743
-0.44850136
1.52802546
6.42492115
1.02576474
-0.17884965
2.12618756
-0.70358945
-4.17347835
-5.18999870
0.75564296
4.01403813
-12.19804952
-8.04699677
0.92167709
-1.58453119
-1.28517159
0.75610623
3.78080266
-0.10214335
-0.15641994
2.99740370
-7.54771829
6.12987002
